2 0.10716774843750002 0.378655353125 0.1173084203125 0.3566032828125 0.090332884375 0.3241924671875 0.055106178125 0.346927503125 0.08047910625 0.38401385781249997 0.10716774843750002 0.378655353125
2 0.1343326734375 0.309760546875 0.1511156578125 0.35213375468749997 0.20554613906250002 0.2959712921875 0.1751028734375 0.269910971875 0.1343326734375 0.309760546875
2 0.11982670937499999 0.4198775875 0.1233738203125 0.40293771093749997 0.11728091874999999 0.379282340625 0.06442866875 0.396000528125 0.06679132343750001 0.42300580625000006 0.11982670937499999 0.4198775875
2 0.20680371874999998 0.3563323421875 0.21581494218750003 0.3328673078125 0.186421746875 0.3188093359375 0.1469916359375 0.3509827828125 0.1530845375 0.374638153125 0.20680371874999998 0.3563323421875
2 0.074303696875 0.4283956671875 0.0934249609375 0.4630054171875 0.1316462421875 0.4400083890625 0.1235569578125 0.41652768125 0.074303696875 0.4283956671875
2 0.15221760625 0.3762257765625 0.1489330125 0.396166240625 0.16088380468750002 0.417797334375 0.2132904 0.3844885921875 0.21943830625 0.36278584375 0.20580552968750002 0.3564196734375 0.15221760625 0.3762257765625
2 0.11753718124999998 0.49717851562500004 0.138606078125 0.46207613593749997 0.12938734375 0.43718246250000004 0.0975489859375 0.4641563890625 0.09418501093750001 0.49468623593750005 0.11753718124999998 0.49717851562500004
2 0.1649106609375 0.41873981093749996 0.1683859171875 0.4401306046875 0.168354275 0.444351815625 0.21489950000000002 0.42641904375 0.2267855875 0.401876403125 0.2073831484375 0.390918571875 0.1649106609375 0.41873981093749996
2 0.232228446875 0.44117408593749996 0.21718228593750002 0.42501405625000005 0.16790404375 0.44378857031249996 0.1649081671875 0.46454024687500006 0.17635249687500001 0.4761943203125 0.21395519062499999 0.4614544578125 0.23208119374999997 0.453239659375 0.232228446875 0.44117408593749996
2 0.176381646875 0.5177735484375 0.17206672812499998 0.53261428125 0.179500359375 0.5488376875000001 0.2213230421875 0.53192071875 0.237983996875 0.50696033125 0.22107363593749998 0.496989740625 0.176381646875 0.5177735484375
2 0.229241040625 0.4986857234375 0.2257767453125 0.46825445312499997 0.2113268203125 0.4634923140625 0.1759545921875 0.4762291328125 0.1776070078125 0.5134479015625 0.229241040625 0.4986857234375
2 0.14037182343750002 0.5094739453125 0.13777634375 0.484390371875 0.128865453125 0.48336207187499997 0.1198279890625 0.4992186078125 0.0947915859375 0.49719057031249997 0.0920050015625 0.520334471875 0.1055435046875 0.5330105984375 0.1123078984375 0.532418790625 0.14037182343750002 0.5094739453125
2 0.115145559375 0.5327731625000001 0.103187715625 0.5289982625 0.1082022703125 0.549651753125 0.1275523875 0.560011525 0.1503802546875 0.5459616578125 0.1489578109375 0.51595438125 0.14071740625 0.5088410765625 0.115145559375 0.5327731625000001
2 0.1252379578125 0.565637721875 0.11389827500000001 0.5551797609375 0.09458827187499999 0.5773587375 0.0965035484375 0.594667571875 0.0981791375 0.5909051703125 0.116419503125 0.5977462265625 0.14967688125 0.5791680875 0.14633791406250002 0.5547521984375 0.1252379578125 0.565637721875
2 0.1167541234375 0.6061538343749999 0.11294175625 0.62215586875 0.124972603125 0.631348090625 0.162293 0.608798678125 0.16406351875 0.5923726484375 0.15259850625 0.57589930625 0.1167541234375 0.6061538343749999
2 0.11923399374999999 0.6390817671875 0.1111493109375 0.6566628515625 0.11930575000000002 0.667399309375 0.15435307812500002 0.6601146250000001 0.1670873 0.6361004140625 0.159371371875 0.612067459375 0.11923399374999999 0.6390817671875
2 0.23994910625000002 0.57066765625 0.243101953125 0.55171015 0.2395950515625 0.534540565625 0.21869467343750001 0.533958575 0.1880656671875 0.5504988562500001 0.18288193125000002 0.5599918921875 0.18747790312499998 0.5758609265625 0.200011303125 0.5862144515625001 0.23994910625000002 0.57066765625
2 0.21155056249999998 0.585204896875 0.1893079671875 0.61969313125 0.2010869171875 0.6397548140625 0.226448221875 0.6363307171875 0.24471176093749997 0.6021906031250001 0.2400014296875 0.5712657140624999 0.21155056249999998 0.585204896875
2 0.786528003125 0.2691390984375 0.8162869484374999 0.270151334375 0.8028653015625 0.22673062656249998 0.7975878828125 0.22598707343750002 0.7874090265625 0.24254610312499997 0.786528003125 0.2691390984375
2 0.782244725 0.279758621875 0.7816873578125 0.3237997 0.8146818703125 0.3251314953125 0.8119099875 0.27053426875 0.782244725 0.279758621875
2 0.792344346875 0.372283359375 0.8274866031249999 0.3523350453125 0.8237290515625 0.3231347 0.78411615 0.33322935781249996 0.78257560625 0.3568668828125 0.792344346875 0.372283359375
2 0.7925743187500001 0.37949485156249996 0.7999969890624999 0.4047587328125 0.835012671875 0.40169525781250004 0.83886889375 0.34953132187499997 0.7925743187500001 0.37949485156249996
2 0.7990016 0.41629587343749996 0.8009679562500001 0.4571029828125 0.8108206656249999 0.4688963046875 0.8338578234374999 0.4572386640625 0.8314108421874999 0.3971893015625 0.79705468125 0.40320824843749997 0.7990016 0.41629587343749996
2 0.6232489578125 0.5063989078125 0.6387209265625 0.587003571875 0.6547734359375 0.5825859859375 0.638987528125 0.49839298281250005 0.6232489578125 0.5063989078125
2 0.6289192953125 0.5987085234375 0.6397260296875 0.589326175 0.625928403125 0.5278593265625 0.6200961109375001 0.525356415625 0.601488234375 0.537229178125 0.6289192953125 0.5987085234375
2 0.655322334375 0.50178495 0.6441809796875 0.5027596921875 0.6560717984375 0.5836776640625 0.6679566390625 0.5820352390625 0.655322334375 0.50178495
2 0.802254109375 0.490135353125 0.8118414625 0.567639046875 0.8261137359375 0.5657877499999999 0.8192277562499999 0.49166352343749997 0.8068513265625 0.48310416875 0.802254109375 0.490135353125
2 0.6744315140625 0.513973703125 0.665165325 0.4997185296875 0.66192975625 0.4993989703125 0.6554476609375001 0.5078003296875 0.6685321953125001 0.5886138640625 0.6852442265625001 0.5871517515625 0.6744315140625 0.513973703125
2 0.6775100234375 0.503616784375 0.6739573812499999 0.5108857984374999 0.6864062125 0.587662215625 0.6957561250000001 0.58618151875 0.6847985999999999 0.50629254375 0.6775100234375 0.503616784375
2 0.790135165625 0.48316039375 0.7868354156249999 0.4983595078125 0.798282690625 0.5712474375000001 0.8107416609375001 0.5675066765625 0.8015283312499999 0.49243524531249994 0.790135165625 0.48316039375
2 0.7901591390625 0.5716268125 0.796999475 0.5591000203125 0.7854712375 0.49284603125000004 0.77167083125 0.49637280937500006 0.7830030328124999 0.5679454359375 0.7901591390625 0.5716268125
2 0.697873765625 0.49951578906250005 0.6922203359375 0.4953716 0.6869696671875001 0.4958309734375 0.684453378125 0.5023466328125 0.6951345890625 0.581597096875 0.6986464046875 0.5839405953125001 0.706764615625 0.5759408046875001 0.697873765625 0.49951578906250005
2 0.711639821875 0.5118393828125 0.7054537265625 0.5023750453125 0.6986477203125 0.5080952875 0.70631498125 0.571606440625 0.715974053125 0.5780825171874999 0.723594096875 0.574243359375 0.711639821875 0.5118393828125
2 0.7367010203125 0.5718764609375 0.7299961140625 0.51194168125 0.7294407765625001 0.50930585 0.7263373875 0.4998158484375 0.7140873812499999 0.4952747140625 0.7091893375 0.5042445625 0.72160138125 0.570025015625 0.7284615703124999 0.5816267203125001 0.7367010203125 0.5718764609375
2 0.74591866875 0.5083522968749999 0.738952034375 0.50481315625 0.7292584546875001 0.5090777640625 0.7374514921875 0.57303099375 0.74621570625 0.5822697734375 0.7568765843749999 0.5686471 0.74591866875 0.5083522968749999
2 0.7729814609375001 0.565285803125 0.782038884375 0.5630291546875 0.7717299375 0.49901700625 0.7625118859375 0.4920142703125 0.7585678234375 0.5026089203125 0.7729814609375001 0.565285803125
2 0.7595010171875 0.5745184390625 0.7705516593749999 0.5672066484375 0.7572280109375 0.5002857609375 0.7486121140625001 0.4927422671875 0.745168196875 0.507197765625 0.7595010171875 0.5745184390625