2 0.11977843125000001 0.42816198125 0.127409665625 0.405643171875 0.09779430781250001 0.37684157812499997 0.065774884375 0.402598440625 0.094305990625 0.4361183875 0.11977843125000001 0.42816198125
2 0.1392164671875 0.35827220312499997 0.159913428125 0.3978225484375 0.20723678437499998 0.3375377328125 0.17489006093749998 0.315277190625 0.1392164671875 0.35827220312499997
2 0.13633688125 0.4670142421875 0.13806251249999998 0.45015096093749996 0.1297025640625 0.4277354578125 0.0798834015625 0.44943957812499996 0.0849491265625 0.475500478125 0.13633688125 0.4670142421875
2 0.21463687031249998 0.39620058125 0.22102240625 0.3724213796875 0.190927115625 0.361743459375 0.1557749171875 0.3971244609375 0.164134865625 0.41953996406250005 0.21463687031249998 0.39620058125
2 0.0928247359375 0.47997974218749995 0.1150073609375 0.5117286437499999 0.14991959375 0.48540947812499996 0.1396311046875 0.4633688453125 0.0928247359375 0.47997974218749995
2 0.163452025 0.42117522812499997 0.162289253125 0.44093416249999995 0.17615339375 0.4607772265625 0.22384110625 0.4229595671875 0.2276152609375 0.4011904984375 0.21367260156249998 0.3963880171875 0.163452025 0.42117522812499997
2 0.1420113375 0.542540371875 0.15896238437500002 0.5061897171874999 0.1474281953125 0.4828886921875 0.11914587031249999 0.5124267312499999 0.11898883281249999 0.542507896875 0.1420113375 0.542540371875
2 0.1801758453125 0.46128220468750003 0.185752046875 0.4817604734375 0.18615295781250002 0.4858751875 0.22969875312500002 0.46363490937499996 0.2387769640625 0.43851126718750005 0.218739421875 0.4298282359375 0.1801758453125 0.46128220468750003
2 0.248103103125 0.4762290953125 0.23178068437500002 0.462032325 0.18565638906249998 0.48537276093750004 0.1848580796875 0.505892209375 0.197207946875 0.516069571875 0.23236165468749997 0.4978563484375 0.24919365624999998 0.48799609843749997 0.248103103125 0.4762290953125
2 0.20148926718750002 0.5565648624999999 0.1988003390625 0.57146231875 0.20770728125 0.5865015609374999 0.2467526546875 0.5657350265625001 0.2604434703125 0.53971478125 0.2429366015625 0.5317377390625 0.20148926718750002 0.5565648624999999
2 0.25107301875 0.5325519765625 0.2445828078125 0.5032671375 0.230007525 0.5001107921875 0.1968235625 0.5161442890625 0.2022415078125 0.5522259984375 0.25107301875 0.5325519765625
2 0.165531978125 0.5521742171875 0.160435815625 0.52800894375 0.15164281875000002 0.52792128125 0.14445346875 0.5442924796875 0.119836378125 0.5448849140625 0.11948680781250001 0.56771293125 0.13398296406250002 0.578670996875 0.1405174890625 0.5774008125 0.165531978125 0.5521742171875
2 0.143320359375 0.5774549390625 0.1312757484375 0.57500458125 0.1382773015625 0.5946068390625 0.15820265625000002 0.6027127250000001 0.17902198125 0.586686875 0.174565875 0.557605596875 0.1658041765625 0.55152235625 0.143320359375 0.5774549390625
2 0.1565216375 0.6084300265625 0.144396140625 0.5994069484375 0.127838096875 0.6229897796875 0.1314758484375 0.639652196875 0.13272465625000002 0.6358157609374999 0.1512081359375 0.6406082234375 0.1817327109375 0.6191021703125 0.17597996875 0.595663471875 0.1565216375 0.6084300265625
2 0.1523943453125 0.6487629375 0.1503141703125 0.6647399609375 0.1629840625 0.6724593203125 0.19706374843750002 0.646668528125 0.1971098203125 0.6304879421875 0.1842468546875 0.615618721875 0.1523943453125 0.6487629375
2 0.15818014375 0.680580496875 0.15209611875 0.6985336906249999 0.1611465453125 0.7081545015625 0.1945714046875 0.6974647218750001 0.20453056875 0.6727687859375 0.1945496046875 0.6501519703125 0.15818014375 0.680580496875
2 0.26887564375 0.6015643500000001 0.2700105109375 0.5827763296875 0.2648352203125 0.5664127765625 0.2443985234375 0.5679894703125 0.21622807968750002 0.5872410828125 0.2121451 0.5970189703125001 0.21824917031250002 0.6120040890625 0.23152781875 0.6208030156250001 0.26887564375 0.6015643500000001
2 0.2426749484375 0.618636234375 0.22451676874999998 0.65450908125 0.23805284375000002 0.6728411578125 0.2624290359375 0.6669050078125001 0.2767433765625 0.631779325 0.2689878296875 0.6021414921875 0.2426749484375 0.618636234375
2 0.7709301171875 0.251817234375 0.800047628125 0.2497510578125 0.782520715625 0.2088357046875 0.77729935625 0.20865273593749997 0.7690690390625 0.225825225 0.7709301171875 0.251817234375
2 0.7678402765625 0.262599975 0.7718015703125001 0.30555326875 0.8041063375 0.3034665015625 0.7958194062499999 0.250572940625 0.7678402765625 0.262599975
2 0.78715089375 0.3516834953125 0.81937301875 0.3286495734375 0.8127227937500001 0.300593734375 0.7751340671875 0.31448868281250003 0.7760498359375 0.3376696953125 0.78715089375 0.3516834953125
2 0.7881127328125 0.358683925 0.7979336828125 0.382529740625 0.83175945625 0.37595467656250003 0.8301835921875 0.3247513609375 0.7881127328125 0.358683925
2 0.7981432828125 0.39386903281249996 0.8042343375 0.43341359687500003 0.8150466703125 0.443889825 0.836314734375 0.430172546875 0.8277869046875 0.3719352671875 0.7949064421875 0.3813213296875 0.7981432828125 0.39386903281249996
2 0.6360064703125 0.4996549375 0.6593357109375 0.5765772828125 0.6745345203124999 0.5706281875 0.6505321671875001 0.49024298593750004 0.6360064703125 0.4996549375
2 0.65097668125 0.5889831984375 0.66055321875 0.5787364187499999 0.640813903125 0.5202826359375 0.6348716046875 0.518442959375 0.617943946875 0.5319154953125 0.65097668125 0.5889831984375
2 0.6668050015625 0.4918714609375 0.6560422546875 0.49396352656250003 0.6759120421875 0.5715583234375 0.6873313703124999 0.5687396812500001 0.6668050015625 0.4918714609375
2 0.8088669875000001 0.4654553078125 0.82614174375 0.5399608296875 0.8398673750000001 0.5366938875 0.8255720312499999 0.465202921875 0.8126299390625 0.45813542187499995 0.8088669875000001 0.4654553078125
2 0.6866825296875 0.50178349375 0.6761902265625 0.4888492609375 0.67300296875 0.48886985000000005 0.66754246875 0.4977176046875 0.68856540625 0.5750882500000001 0.7047095265625 0.5719501515625 0.6866825296875 0.50178349375
2 0.6886246218750001 0.491380090625 0.685904421875 0.4988244921875 0.7058946359375 0.5723281703125 0.7148590359375 0.569927034375 0.6960044296875 0.49323876718750004 0.6886246218750001 0.491380090625
2 0.7963379953125 0.45990460312500003 0.7946754781250001 0.4750470078125 0.8132914765624999 0.544866009375 0.8250559359375 0.5399446984375 0.8083946203125001 0.4677698453125 0.7963379953125 0.45990460312500003
2 0.8054100921874999 0.5460686781249999 0.8107978953125 0.533166 0.7927815093749999 0.4698167765625 0.7796873093750001 0.474667246875 0.79805658125 0.5432169421874999 0.8054100921874999 0.5460686781249999
2 0.7080591234375 0.48529719218749995 0.7021233328125 0.481840559375 0.6970510937500001 0.482826503125 0.69526424375 0.48943084531250003 0.71378414375 0.5655255421875001 0.71744775 0.5674479406249999 0.7245444796875 0.5588235125 0.7080591234375 0.48529719218749995
2 0.722741075 0.4958885515625 0.7157417875000001 0.48730471093750005 0.7096912484375 0.49357426875000004 0.7236627640625 0.5546479453125001 0.7337424359375 0.559965021875 0.7407790390625 0.5554441546875 0.722741075 0.4958885515625
2 0.753315753125 0.5517945359375 0.740648309375 0.49410555624999997 0.73983726875 0.49159520468749995 0.7358408890625 0.482670203125 0.7234330578125 0.47950349531249997 0.7195751031250001 0.48874249687500004 0.7384047375 0.5515398515625 0.7462798625 0.56213635625 0.753315753125 0.5517945359375
2 0.755805128125 0.4889764578125 0.74865089375 0.486243828125 0.7396361812500001 0.4913917484375 0.7541655281249999 0.552842084375 0.763655325 0.56094181875 0.7726559390625 0.5465799109375 0.755805128125 0.4889764578125
2 0.788013846875 0.5416542718749999 0.7966137109375 0.53852735625 0.7800153953125 0.47723664218749995 0.7703118359375 0.471361365625 0.7675501734375 0.48208509062499993 0.788013846875 0.5416542718749999
2 0.77581521875 0.552029446875 0.7858413421875 0.5437743828125 0.766006278125 0.47995973750000004 0.7568344859375 0.47349600625 0.7549553515625 0.48792891093749996 0.77581521875 0.552029446875