1 0.45816560624999997 0.6160936109375 0.4623957296875 0.6332407765625 0.50356841875 0.6339228359375 0.5100596421875 0.6338590328125 0.548258084375 0.58001300625 0.5434357609375 0.5632804421875 0.4937249546875 0.5717452828125 0.45816560624999997 0.6160936109375
1 0.407510709375 0.622230853125 0.40360313124999997 0.619212225 0.41021033124999995 0.635897334375 0.460793484375 0.6323197046875 0.45643429375 0.6187684734375 0.4793313125 0.590128140625 0.47682012343749997 0.5805372625 0.4726564296875 0.5801947171874999 0.473581340625 0.586062334375 0.4298683484375 0.5908156499999999 0.42711933125 0.5844386890625 0.422140421875 0.586558378125 0.42379656718750003 0.5928597984375 0.407510709375 0.622230853125
1 0.27600645625000003 0.621299315625 0.281188828125 0.63353865 0.3056855546875 0.63309654375 0.351035803125 0.5868450562499999 0.3500410234375 0.578399278125 0.31095145 0.5747666328125 0.27600645625000003 0.621299315625
1 0.3132371015625 0.5743223468750001 0.29052647187499997 0.5772969890625 0.25120999843749997 0.623527515625 0.2551456515625 0.6360091890625 0.2810729875 0.631833340625 0.2762841109375 0.6238370890625 0.313368871875 0.578328334375 0.3132371015625 0.5743223468750001
1 0.31895384843749996 0.6336851328125 0.3614820234375 0.6306019796875 0.36033339531249997 0.6224740796875 0.37962203125 0.5985667453125 0.3468818953125 0.5954277234375 0.31570345781250003 0.622510115625 0.31895384843749996 0.6336851328125
1 0.5446743515625 0.5690755656250001 0.549357171875 0.584291721875 0.5756161 0.58293113125 0.578033525 0.5864928328125 0.5871221906249999 0.584438203125 0.6224784328124999 0.55222415625 0.618235084375 0.5403782359375 0.573221434375 0.5450964 0.5446743515625 0.5690755656250001
1 0.1556630484375 0.692206996875 0.12779758593749999 0.701943065625 0.11245507031249999 0.717308121875 0.11795924843750001 0.723437503125 0.1326440421875 0.72576655625 0.1556630484375 0.692206996875
1 0.135870171875 0.7262991828125 0.15394056250000002 0.7281421796875 0.15347939375 0.71975224375 0.16516873125 0.6965042625 0.15503590312499999 0.69423409375 0.134455275 0.71987980625 0.135870171875 0.7262991828125
1 0.3863498640625 0.7157512984375 0.38657790937500003 0.7070981515625 0.3576897 0.702191559375 0.31414042656249996 0.7508311734374999 0.3197766046875 0.7663155625 0.3496359703125 0.77007684375 0.358827671875 0.7584059578125 0.3533686421875 0.7352348515625 0.3863498640625 0.7157512984375
1 0.384732359375 0.5403820140625 0.3603720890625 0.5489433125 0.36030959687499997 0.57318769375 0.3495739765625 0.57814409375 0.3537347734375 0.5884948984375 0.40538842812500003 0.579092134375 0.404981975 0.5536635249999999 0.3889107953125 0.55328015 0.384732359375 0.5403820140625
1 0.20317093125 0.74418639375 0.2216049 0.747398534375 0.2364708953125 0.73389115625 0.2084728765625 0.7011096203125 0.20044913281249999 0.705642240625 0.1964824046875 0.731046409375 0.20317093125 0.74418639375
1 0.359494484375 0.7630664015625 0.38469384375 0.7683611546875 0.4254254640625 0.7455789203125 0.4189259109375 0.7154138484375 0.387688859375 0.7134162500000001 0.3518604296875 0.7352453984375 0.359494484375 0.7630664015625
1 0.12000592968749998 0.59938736875 0.118128296875 0.6273584203125 0.12234172968749998 0.63758184375 0.1382653609375 0.6327877671875 0.13275833125 0.624089921875 0.145193540625 0.6029855703125 0.1405263078125 0.5936997749999999 0.12000592968749998 0.59938736875
1 0.282868253125 0.6871278421875 0.28894688749999997 0.7105131015625 0.3151905609375 0.7088239062499999 0.34953773125 0.6936173453125 0.3440509953125 0.666704971875 0.3110699140625 0.67448066875 0.282868253125 0.6871278421875
1 0.363543609375 0.633013584375 0.38648517031249996 0.6305589609375 0.4074826890625 0.608835528125 0.4065482203125 0.599394303125 0.37969545 0.6018072812499999 0.3591903578125 0.6214302328125 0.363543609375 0.633013584375
1 0.263088328125 0.5770663796875 0.2651657203125 0.585545825 0.28969516875 0.5847895734375 0.2883911640625 0.575873240625 0.2917458359375 0.5445596187499999 0.27233185 0.54403496875 0.263088328125 0.5770663796875