1 0.410969759375 0.5421767281250001 0.40722897187499996 0.5611907484375 0.44803571093750005 0.581005915625 0.45454883281249997 0.5839596015625 0.5177163734375 0.54818005625 0.5206730625 0.529302984375 0.4670891140625 0.514613225 0.410969759375 0.5421767281250001
1 0.357524153125 0.5247340375 0.3550235640625 0.51991665 0.353871671875 0.539576153125 0.40605652968749995 0.5595302859375 0.4079978796875 0.5440313859375 0.444172715625 0.5261994546875 0.4461200484375 0.5154969234375 0.44212045 0.5132210781250001 0.44031840625 0.5194846109375 0.3944493421875 0.50389260625 0.39466607656249997 0.49627483281250007 0.388708384375 0.49606804843749996 0.38743517656250004 0.5031027515625001 0.357524153125 0.5247340375
1 0.2266094609375 0.46268473906249996 0.22609976406249999 0.4772619578125 0.2507726640625 0.48820848437500003 0.317555371875 0.463303653125 0.32048533749999997 0.4544444140625 0.283129953125 0.43266398125 0.2266094609375 0.46268473906249996
1 0.285619275 0.4332846390625 0.26155383125 0.42568615625 0.200807440625 0.45337464531249994 0.19893992968750002 0.46761332343750006 0.22677627656250002 0.47551267812500003 0.22570783906249997 0.46533687031250004 0.28388987499999996 0.43732867343750004 0.285619275 0.4332846390625
1 0.2637517015625 0.494960765625 0.30766147187500004 0.5116625578125 0.31029010156250003 0.5030478484375001 0.34066209999999997 0.48824432812499996 0.30941926249999996 0.46990587812499995 0.2656966390625 0.4823396875 0.2637517015625 0.494960765625
1 0.5192179984374999 0.535640240625 0.5168264359375 0.5529448453125 0.543686128125 0.5637972812500001 0.5444460484375 0.5684619734374999 0.5544783734375 0.570643653125 0.604757778125 0.5550497515624999 0.6060226125 0.541300128125 0.5588707734375 0.5250686328125 0.5192179984374999 0.535640240625
1 0.07346876249999999 0.4772461609375 0.04111355 0.4739739796875 0.018651357812499998 0.48211885 0.021301515625 0.49077107499999995 0.034886815625 0.4999121265625 0.07346876249999999 0.4772461609375
1 0.0378616609375 0.5019411734375 0.055054325 0.5121726125 0.0584913265625 0.5036169140625 0.080966778125 0.48593677812499997 0.071900659375 0.47897001875 0.03943063125 0.49490133125 0.0378616609375 0.5019411734375
1 0.29294279375 0.6078772984375 0.2971904640625 0.5993802625 0.27061610156250004 0.5810748515624999 0.2045227953125 0.609191071875 0.20295884375 0.627205475 0.2310352671875 0.6448236031250001 0.245637821875 0.637492609375 0.25094964218750004 0.61191834375 0.29294279375 0.6078772984375
1 0.3727965640625 0.43277185625000003 0.3444881140625 0.42996092187499996 0.33316275625 0.4540358453125 0.320137396875 0.453973625 0.319484675 0.4661984203125 0.3754448765625 0.48085872343749997 0.3868519921875 0.455388465625 0.370978075 0.4475374296875 0.3727965640625 0.43277185625000003
1 0.09677250937500001 0.5510061703125 0.1136922703125 0.562767815625 0.1348155109375 0.556248378125 0.1220798296875 0.510643225 0.11195998437500002 0.511420159375 0.09619625625 0.5348334640625 0.09677250937500001 0.5510061703125
1 0.24413879062500002 0.6424359984375 0.2668483765625 0.6594127453125 0.318115115625 0.655694503125 0.3256367625 0.62268314375 0.29536495937499996 0.6061781359375 0.24943832968750002 0.6112278156250001 0.24413879062500002 0.6424359984375
1 0.0809743390625 0.36839067812500004 0.0661047453125 0.3953270125 0.0655637734375 0.407449628125 0.0836955484375 0.41008461875 0.08223574375 0.3988774796875 0.1044603390625 0.3836752390625 0.1041124703125 0.37227389375 0.0809743390625 0.36839067812500004
1 0.20288185468750003 0.5313213796875 0.1980894125 0.55739655 0.225086521875 0.56791519375 0.266457078125 0.5687612625 0.27347926718750004 0.5394545187500001 0.23692524218750002 0.53185558125 0.20288185468750003 0.5313213796875
1 0.3086002671875 0.5150184203125 0.3326547890625 0.523241246875 0.3637190828125 0.51140326875 0.367171734375 0.50158238125 0.3392300125 0.4915002234375 0.3096333546875 0.5014787625 0.3086002671875 0.5150184203125
1 0.2342555375 0.41270363593750004 0.2323912515625 0.4220995453125 0.2572427734375 0.4327489578125 0.260082484375 0.42327816093750004 0.2779801734375 0.393705146875 0.2588330703125 0.38415991875 0.2342555375 0.41270363593750004