1 0 0.9270403421875001 0.13831667812499998 0.9489475531249999 0.212764034375 0.9001233781250001 0.2261207953125 0.8081150390625 0 0.7596168999999999 0 0.9270403421875001
1 0 0.76800551875 0.22417202656250002 0.8050649140624999 0.2142609078125 0.9021881046875 0.22295939374999998 0.8971690453125 0.3432692421875 0.809306878125 0.347475625 0.721332203125 0.3287229734375 0.7284141359375 0.327508859375 0.7437568421874999 0.114082146875 0.7017289578125 0.11298016875000001 0.6741397124999999 0.09055611875 0.6852092703125 0.08629200000000001 0.708293315625 0 0.7467183875 0 0.76800551875
1 0.34804076875 0.7369567171875 0.3504145984375 0.8140938875 0.42963268593750004 0.75536255 0.43736964531250005 0.6834820671874999 0.228828821875 0.6413142078125 0.2085509875 0.642671634375 0.20776045 0.65533995625 0.1452416765625 0.6838272640625 0.34804076875 0.7369567171875
1 0.92488633125 0.722316528125 0.919632375 0.6748793734375 0.7416779953125 0.643038875 0.7487659843750001 0.602125609375 0.737214946875 0.602123753125 0.731765025 0.6442102859375 0.7033821625 0.6698710640625001 0.698666890625 0.7303504265625 0.9124892421874999 0.7852345046875 0.92488633125 0.722316528125
1 0.9379886468749999 0.6165605328125 0.9262681015625001 0.6137903578125 0.9179656265625 0.6508559703125 0.7644690015625 0.6219753734375 0.7714157968750001 0.581953571875 0.7549788703125 0.582091690625 0.7452365171875 0.6436024890625001 0.9276248921875 0.6743176171874999 0.9379886468749999 0.6165605328125
1 0.734221940625 0.6363750078125 0.5222075328125 0.6046228734375 0.46767333281249995 0.676401990625 0.462986003125 0.7213507765625 0.6698038234375 0.7513660296875 0.6903074203124999 0.740906125 0.697479975 0.6917818421875 0.734221940625 0.6363750078125
1 0.2510271109375 0.639347128125 0.24303422343749997 0.6207185296875 0.227388203125 0.6273786796875 0.2275014546875 0.642017796875 0.4406174671875 0.682168821875 0.43273931406250005 0.7549407671874999 0.4509551296875 0.7358941 0.4531006046875 0.6878012546875001 0.4999254171875 0.653181684375 0.5034269421875 0.6272353828125 0.49529323124999997 0.6286886015625 0.4890237203125 0.6414029640625001 0.31459954843750004 0.6064663 0.31442967187500004 0.584507625 0.29917891874999997 0.5848336140625 0.2987273953125 0.6030385734375 0.2510271109375 0.639347128125
1 0 0.7241335890625 0.0900759125 0.6805640953125 0 0.6643174765625 0 0.7241335890625
1 0 0.664242 0.0873082984375 0.6865225125000001 0.19570089375 0.6470331453125 0.01935626875 0.612706134375 0.020400878125 0.5945951078125 0.003088478125 0.5964222140625 0.0007448109375 0.61889660625 0 0.61909408125 0 0.664242
1 0.11448615625 0.5936392484375 0.038949640625 0.606797615625 0.038990339062500004 0.5982096328125001 0.022542781249999998 0.6048601328125 0.0219298984375 0.608729721875 0.2010572375 0.64966179375 0.2985370375 0.6062622953125001 0.12868594375 0.5734105359375 0.1152009171875 0.5752413765625 0.11448615625 0.5936392484375
1 0.12853525625 0.573102675 0.1684753515625 0.57973974375 0.1809098765625 0.55743720625 0.21110766406249998 0.5563076625 0.214117409375 0.5346906406249999 0.1535094796875 0.49646280625 0.0859972125 0.4979059 0.0744194890625 0.565776296875 0.11161903437500001 0.5897165156249999 0.12853525625 0.573102675
1 0.23453482656250002 0.5469486359375 0.23065926406249998 0.5544254640624999 0.1820735609375 0.55793269375 0.171033475 0.57796665625 0.1632148625 0.584196609375 0.283083353125 0.610339034375 0.299105340625 0.6019853984375 0.306501 0.606268546875 0.34599810625 0.5817175390625 0.2931132578125 0.5705407890624999 0.2853712703125 0.5606015625 0.2653483875 0.5602308625 0.2538074640625 0.5415992843749999 0.23453482656250002 0.5469486359375
1 0.49520909062499996 0.639579940625 0.5204053125 0.6046732375 0.389082796875 0.5776502125 0.36862694218750003 0.566942025 0.31524289687499996 0.6020519015625 0.49520909062499996 0.639579940625
1 0.8611858578125 0.46602768437500003 0.8424135515625 0.48390344531249996 0.836249315625 0.501909053125 0.8328166187500001 0.534039178125 0.9119370437500001 0.5468818015625 0.9225055937500001 0.511525378125 0.883699628125 0.46897115625 0.8611858578125 0.46602768437500003
1 0.42792654218750004 0.555087478125 0.381509153125 0.570931440625 0.5189878015625 0.606512915625 0.5609075921875 0.587747484375 0.42792654218750004 0.555087478125
1 0.32562079375 0.395353040625 0.3115015359375 0.47929027187499995 0.43213296718749994 0.5014961812500001 0.46213735 0.4969491078125 0.4739192796875 0.42256093437500003 0.35393915625 0.39363869687499997 0.32562079375 0.395353040625
1 0.86736581875 0.43008074062499996 0.7717048125 0.3618636109375 0.740749515625 0.372714715625 0.7422618359375 0.3945122734375 0.849044196875 0.45868676875 0.86736581875 0.43008074062499996
1 0.6287929984375 0.42131494218750004 0.567907296875 0.4365462421875 0.515015884375 0.4082693453125 0.47988361562500004 0.4176297296875 0.46274169374999996 0.4945135921875 0.4745046140625 0.5386635578125001 0.6514234015625 0.5849261484375 0.7155372437499999 0.5353816265625 0.719841653125 0.5012388734375001 0.6287929984375 0.42131494218750004