1 0.3291448140625 1 0.3081218515625 0.9070350203125 0.082849709375 0.9423293515625 0.095107984375 1 0.3291448140625 1
1 0.335444846875 1 0.3387234375 0.9959661093750001 0.42437277343749996 0.8638222921875001 0.39521289843749996 0.775558590625 0.3793582484375 0.7896407671875 0.38396871250000003 0.8052159484375 0.1570826640625 0.8446775656250001 0.145544759375 0.8179150265624999 0.1275711796875 0.8373167609375001 0.132098565625 0.8616740999999999 0.0773177796875 0.9163036703125 0.0845004875 0.95009565625 0.305040378125 0.904768509375 0.330884359375 1 0.335444846875 1
1 0.4016888609375 0.7907372500000001 0.433248790625 0.8658309703124999 0.489311959375 0.777955384375 0.4697372140625 0.7042094640625 0.24762778437500002 0.74168195 0.2280975234375 0.7507024015625 0.23211384375000002 0.763482371875 0.18110366718749998 0.8152351984375 0.4016888609375 0.7907372500000001
1 0.9663478265625001 0.5577506265625 0.9431889390625001 0.513007703125 0.7552249515625 0.54906535 0.7467366296875 0.5060732703124999 0.7353178921875 0.5104480640625 0.7458697609375 0.5539753578125 0.727531978125 0.5900096703125 0.7457757796875 0.65137865625 0.977921815625 0.62443265625 0.9663478265625001 0.5577506265625
1 0.9392473000000001 0.4485986984375 0.9266125875 0.4503104578125 0.932443221875 0.4899721125 0.76977635 0.5196788578125 0.761486075 0.47761851406250005 0.74529071875 0.48398244375 0.75895595 0.548272303125 0.950876678125 0.5094259578125 0.9392473000000001 0.4485986984375
1 0.7453310046875 0.5453253734375 0.5237326375 0.594375228125 0.4970106 0.685752496875 0.5094002734374999 0.7318106515625 0.725204096875 0.6830186328125001 0.7415102234375001 0.664945159375 0.7299958140625 0.613831796875 0.7453310046875 0.5453253734375
1 0.2688255 0.7313332359375 0.2538696125 0.7160093765625 0.24092608124999998 0.7284989421875 0.24658216562500002 0.7428780359375 0.47245028749999995 0.7016851171875 0.492223078125 0.7763627718749999 0.5030157843749999 0.750696715625 0.48692280312499997 0.7025042218750001 0.520097309375 0.650656434375 0.51373211875 0.6237682328124999 0.506242428125 0.6282817171875 0.504860296875 0.643182996875 0.3192132875 0.6748528203124999 0.3107291640625 0.6532841781250001 0.2957774734375 0.6593837578125 0.30222574375 0.6774898015625 0.2688255 0.7313332359375
1 0.0717041265625 0.8898935109374999 0.1253372796875 0.8329224249999999 0.062151595312499995 0.8449523828125001 0.0717041265625 0.8898935109374999
1 0.2170471859375 0.75986805625 0.05030981718750001 0.789241196875 0.062619384375 0.8471531609375 0.1248581078125 0.8398411093749999 0.2170471859375 0.75986805625
1 0.048107228125 0.7788788296875 0.049471775 0.7852985171875 0.22333737656250002 0.7604282296875 0.3032584671875 0.6807378374999999 0.12292147499999999 0.7127289328125 0.1102851 0.7196420203125 0.116546221875 0.7380378515625 0.048107228125 0.7788788296875
1 0.12265593125 0.7124827296875 0.16464973125 0.7038882875 0.16849465156250001 0.6772051453125 0.19791694531249998 0.6646505796875 0.192705225 0.6422137828125 0.11831749218750001 0.6275169109375 0.0521291203125 0.6545186234375 0.066388628125 0.725769171875 0.11222649375 0.735259634375 0.12265593125 0.7124827296875
1 0.2175299 0.6465539359375 0.21653059218749998 0.6553883046875 0.16983258750000002 0.6772523703125 0.166506896875 0.7011722375 0.1611377234375 0.7102722234375001 0.28952666875 0.6906094296874999 0.302200478125 0.67630904375 0.3111330984375 0.6777264953125 0.3408774421875 0.6385743671874999 0.2843686703125 0.647601153125 0.2729516375 0.64074273125 0.2530189140625 0.6479640875 0.234554715625 0.6339816265625 0.2175299 0.6465539359375
1 0.5102840296875 0.6390434093749999 0.52197024375 0.595107696875 0.3819256578125 0.618242815625 0.35764992812499996 0.61544405 0.31817740625 0.67026013125 0.5102840296875 0.6390434093749999
1 0.8063189609375 0.32939854375 0.794532728125 0.3541219125 0.7952585640625001 0.3741960734375 0.80403373125 0.40715030781249995 0.8871068984375 0.3898241765625 0.88416355 0.35098775625 0.829688253125 0.32376801875 0.8063189609375 0.32939854375
1 0.4117771640625 0.5812970296875 0.3718946828125 0.614493303125 0.5212657796875 0.597457178125 0.55559603125 0.5630868796875 0.4117771640625 0.5812970296875
1 0.2501546890625 0.4626946828125 0.267986765625 0.5507367546874999 0.395639028125 0.526906753125 0.42357585625 0.5110586234375 0.4070497890625 0.43330959062499996 0.27749772500000003 0.45027609531249996 0.2501546890625 0.4626946828125
1 0.798813915625 0.29164317500000003 0.678419159375 0.260683190625 0.651929834375 0.283102153125 0.661679925 0.30400342187499996 0.7915369484375 0.32676690937499997 0.798813915625 0.29164317500000003
1 0.559668340625 0.373401290625 0.5052521109375 0.4114759484375 0.442260671875 0.40365868593750004 0.4110779015625 0.4261916671875 0.42325086250000005 0.5084302468749999 0.451598840625 0.5474685218750001 0.6440011015625 0.526011453125 0.6886131765625 0.4529093484375 0.6799374609375 0.417642046875 0.559668340625 0.373401290625