1 0.53935085625 1 0.6523940203125 0.9820957218749999 0.6651752078125 0.906622984375 0.5178920078125 0.8560386046874999 0.5025938625 0.9310990015625 0.4798808296875 1 0.53935085625 1
1 0.47798058125000004 1 0.49826331250000006 0.9368822531250001 0.49291195 0.9211634015625 0.4067885234375 0.907405690625 0.37406026406250004 1 0.47798058125000004 1
1 0.6654295296875 0.7606707187499999 0.656598490625 0.77417565 0.6446264875 0.7798948515624999 0.63338815625 0.7842235093750001 0.625997509375 0.791765775 0.6229022515625 0.8113711234375 0.62438835 0.8327995359375 0.6210071234375001 0.8626449031250001 0.616685953125 0.8805329078125 0.6193885906250001 0.891573915625 0.666105778125 0.9064755968749999 0.65577340625 0.9737406203125 0.6944735921875 0.9754309718749999 0.7329422609375 0.9693381328124999 0.7356020046875 0.8604241125 0.7209965078125 0.786276965625 0.70385245625 0.7864436359375 0.6901974562500001 0.7694912671874999 0.680077215625 0.76281094375 0.6654295296875 0.7606707187499999
1 0.3840094859375 0.9683588593750001 0.3960787671875 0.9301285671875 0.4065201375 0.9087225390624999 0.47079275000000004 0.9170206953125 0.5005803609374999 0.9244090359375001 0.519448428125 0.8417743453125001 0.46791782499999995 0.8416527765625 0.466574709375 0.81510435625 0.41722754687499997 0.8197343281249999 0.3751936828125 0.9066752890625001 0.3840094859375 0.9683588593750001
1 0.5547819546875 0.7998593609375 0.5458970046875 0.8070011312500001 0.5345156890625 0.816449796875 0.5212474515625 0.856144325 0.617303596875 0.8874439531249999 0.617508696875 0.867659190625 0.6256318453125 0.8255937156250001 0.6218908125 0.8019737656249999 0.630256565625 0.7885425265625 0.613962215625 0.7790170625 0.6010326859374999 0.78170206875 0.5852305765625 0.7752844953125 0.5724170734375 0.7696679093750001 0.5566243421875 0.7753550859375 0.5547819546875 0.7998593609375
1 0.5172227890625 0.6560731390625001 0.50057918125 0.638319778125 0.488177053125 0.6262663359375 0.48105479375 0.6324917546875 0.472626925 0.6605877484375 0.43596786249999997 0.6670311437499999 0.38571005625 0.72915066875 0.40497777656249995 0.8146656265625 0.5458255125 0.8095611343750001 0.5560254484375 0.7926535359375 0.5581901375 0.773195578125 0.5666367578125 0.7693090828125 0.575413884375 0.7494409859375 0.563260215625 0.678728528125 0.5566114468750001 0.663852334375 0.544996903125 0.6567715125 0.5337761515625 0.6521770015625 0.5172227890625 0.6560731390625001
1 0.5549073531250001 0.5507059296875 0.5480347296875 0.531405 0.5043424812499999 0.5325906390624999 0.486412015625 0.5609173562499999 0.472578871875 0.5669313328125 0.4790764546875 0.607955453125 0.5560992796875001 0.6034022765625 0.5620225796875 0.5986410984375 0.5549073531250001 0.5507059296875
1 0.3596818140625 0.5756215796874999 0.37520645468749997 0.5719210359375 0.3877598828125 0.4981703765625 0.37304661562499997 0.47417032812500004 0.3260075296875 0.48037890625 0.3036912390625 0.5683477625 0.31085821406249997 0.5783877546875 0.3596818140625 0.5756215796874999
1 0.2640688390625 0.5783483781250001 0.25858816406249996 0.5887359859375 0.2600940375 0.60215596875 0.24695382187499998 0.6443848578125 0.24235702812499998 0.6662214953125 0.286379803125 0.6683546312499999 0.30064904531250003 0.6665085015625001 0.30729833125 0.6654553578125 0.32880763125 0.6036896125 0.3205649234375 0.5809893015625 0.30373235 0.5803441687500001 0.2762459984375 0.5867670484375 0.2640688390625 0.5783483781250001
1 0.2337024515625 0.6663505640625 0.22565844531249998 0.6742469062499999 0.188931309375 0.704483640625 0.19789574062499998 0.7552144125 0.2535315453125 0.756336015625 0.24757200625000003 0.7030598453125 0.283915440625 0.670400525 0.2337024515625 0.6663505640625
1 0.1463634015625 0.752615096875 0.19789574062499998 0.7552144125 0.1890706296875 0.69949485 0.23026741875 0.6681363015625 0.2204328109375 0.664727225 0.20099046562499998 0.6632537625 0.1846694921875 0.66583875 0.1773403578125 0.6723801875000001 0.17066823281250001 0.6850259703125 0.1528421515625 0.695713321875 0.1374103890625 0.6960880078125 0.1463634015625 0.752615096875
1 0.1857330421875 0.6627730421875 0.21829961875 0.6629956234375001 0.2390323859375 0.6667480671875 0.2590594171875 0.6014920484374999 0.258030125 0.5871687953125 0.2575474546875 0.58020905 0.207956453125 0.5781300453125 0.20854418749999998 0.5974899609375 0.2011632828125 0.6193536625 0.1857330421875 0.6627730421875
1 0.3193354046875 0.493024690625 0.31910853437500003 0.4876800046875 0.2773643625 0.49015269375 0.258279071875 0.5593984921875 0.2712936734375 0.5809291187500001 0.3076439625 0.5776551609375 0.3011568375 0.5621268749999999 0.3193354046875 0.493024690625
1 0.257692103125 0.5615609265625 0.28135134375000004 0.4820711328125 0.2767477 0.47452240625000003 0.25433548125 0.47972772812500003 0.24164139218749997 0.48173827343750003 0.21555813906250001 0.5537480140625 0.223672946875 0.5756407984374999 0.26634135 0.575091190625 0.257692103125 0.5615609265625
1 0.15515196250000002 0.596840796875 0.14628878750000002 0.6152142265625 0.1271387859375 0.6625339078125 0.175950965625 0.665564053125 0.182518790625 0.66204045 0.20306351406249998 0.6078775656250001 0.20468434218749998 0.5848567015625 0.20335280937500003 0.5705813187500001 0.1935532234375 0.5713056328125 0.152157728125 0.5720675234375 0.15515196250000002 0.596840796875
1 0.216157290625 0.5673116078125 0.2135064046875 0.55448686875 0.234062546875 0.494527665625 0.22493672031249998 0.48190067187499996 0.18672045937499998 0.479261765625 0.1619565546875 0.5498208609375 0.17445955625 0.56812136875 0.20300412968749998 0.5722921203125 0.216157290625 0.5673116078125
1 0.221161378125 0.39351149375 0.2044247328125 0.47562989843750003 0.23981044062499998 0.4799588 0.25617785312499997 0.47571088125000005 0.2702993984375 0.4064234765625 0.2721295875 0.38668060312499997 0.221161378125 0.39351149375
1 0.2275723734375 0.392909984375 0.2663870234375 0.38759013593749997 0.2694322640625 0.3755187953125 0.2793293 0.3362869375 0.24045070000000002 0.341203021875 0.2275723734375 0.392909984375
1 0.31175960156250004 0.42758770156250003 0.306383990625 0.45037547812499995 0.31851547343750003 0.481979425 0.3534474390625 0.47561895625000006 0.3599277125 0.4617618796875 0.3683889171875 0.4173768171875 0.3600997703125 0.396339434375 0.357088784375 0.391021815625 0.3394834828125 0.3991908375 0.3234936796875 0.39799833125 0.32026191875 0.3951990453125 0.31175960156250004 0.42758770156250003
1 0.44201752968749997 0.3560479546875 0.42801398593749995 0.310668128125 0.373604653125 0.3114217390625 0.355496125 0.38879070625 0.363221140625 0.40039788749999994 0.3811697953125 0.40417739687500004 0.42201866875 0.396051996875 0.44201752968749997 0.3560479546875
1 0.35013726093750003 0.392122828125 0.3567804546875 0.3832066703125 0.36951870000000003 0.31496614843750004 0.36363072343749997 0.3130014546875 0.3164348078125 0.3221321296875 0.303295353125 0.3858833671875 0.31554788437500003 0.38890948125 0.3224879890625 0.39360478906249996 0.35013726093750003 0.392122828125
1 0.2964572640625 0.47181461249999995 0.30585487968749997 0.4450786625 0.315739734375 0.3901207765625 0.3040741734375 0.384932228125 0.275088040625 0.3857981375 0.25859577499999997 0.47532791874999997 0.2804385328125 0.4743517296875 0.288616528125 0.4751259296875 0.2964572640625 0.47181461249999995
1 0.0840068921875 0.715512765625 0.02825845625 0.7177677250000001 0.040030885937499996 0.7920959187500001 0.0926856484375 0.75650053125 0.0840068921875 0.715512765625
1 0.10769645624999999 0.75592666875 0.043334785937499995 0.812955925 0.0444208328125 0.81981295 0.0790396703125 0.826831134375 0.0830333328125 0.8359370703125 0.09092571875 0.8765624609374999 0.18358331875 0.7942045703125 0.17876835468750002 0.7638040828125 0.10769645624999999 0.75592666875