1 0.513092959375 1 0.6596383765625 0.9923198796875001 0.6761977375 0.9331910656250001 0.52161293125 0.8614047203125 0.49635545312499996 0.9412388249999999 0.4698365203125 1 0.513092959375 1
1 0.4675494171875 1 0.49097729062499995 0.9470301843750001 0.48695084531250005 0.92933531875 0.394745315625 0.9045540265625001 0.349193903125 1 0.4675494171875 1
1 0.6931951265625 0.7745907515625 0.6820316796875 0.7882608703125 0.6683399125 0.7931105515625 0.6556063578125 0.796532640625 0.6466944765625 0.8038865718749999 0.6410779734375 0.82484155625 0.6402413546875 0.8483007890625001 0.6331403484375 0.880352578125 0.6263856624999999 0.89930115 0.6280637515625 0.9116095874999999 0.6772279390625 0.933137075 0.66165789375 0.9922140421875 0.7455756484375 0.9878160984375001 0.758179565625 0.891016746875 0.750769709375 0.8087625375 0.73208209375 0.8069871624999999 0.7191549562499999 0.7870040109375 0.708900115625 0.7785885 0.6931951265625 0.7745907515625
1 0.362957875 0.96820184375 0.3804800765625 0.9280283359375 0.394302203125 0.905954625 0.46333937187499996 0.9223084890625 0.49492931875 0.933738 0.5249418796875001 0.8460791249999999 0.4688430375 0.8400661968750001 0.47042190625 0.8110585625000001 0.41615631875 0.8104590625 0.3604246984375 0.9001545046875 0.362957875 0.96820184375
1 0.5682191343749999 0.804555853125 0.5577259546875 0.8113039656250001 0.54425015 0.820274459375 0.5252546328125 0.8619025562499999 0.62626649375 0.9068829609375 0.6287563953124999 0.885403146875 0.6424209296875001 0.8406109953125 0.64105316875 0.8145125390624999 0.6517015140625 0.8008694125 0.635049496875 0.7886570374999999 0.6206626578125001 0.790099709375 0.6041906109374999 0.78132134375 0.59088115625 0.77375460625 0.5730325859375001 0.77813345 0.5682191343749999 0.804555853125
1 0.5437924703125 0.6439943515625 0.5277027375000001 0.622799565625 0.5155786499999999 0.608283828125 0.5071098796875 0.6142371625 0.4947138875 0.6438116984375 0.454056890625 0.6466311296875 0.39221361718750003 0.7084106671875 0.403397959375 0.8035521328125 0.557354828125 0.8140781671875 0.570398709375 0.7968660578125 0.574985009375 0.775965065625 0.5846279562500001 0.772704946875 0.5964616656249999 0.7521128218750001 0.5913281765625 0.6738714390625 0.5857924234375 0.656944359375 0.5739562859375 0.647923034375 0.5622641234375 0.641648915625 0.5437924703125 0.6439943515625
1 0.596898975 0.5337758484374999 0.5916263671875 0.5120141640625 0.54391311875 0.50831651875 0.5211431156249999 0.537057359375 0.5053909421875 0.5420150234375 0.5077665296875 0.5873439203124999 0.5921599390625001 0.591185303125 0.599155390625 0.5866865609375 0.596898975 0.5337758484374999
1 0.381459371875 0.5385759921875 0.3987884234375 0.5363257390625 0.42090707343749995 0.45760189687499997 0.40763495625 0.429838146875 0.35570183437499997 0.431217771875 0.321323340625 0.5242806046874999 0.327977421875 0.536010559375 0.381459371875 0.5385759921875
1 0.2770319859375 0.53062804375 0.269873946875 0.5412924265625 0.2699763171875 0.55604989375 0.2508298671875 0.600447090625 0.24332269375 0.623655809375 0.291015653125 0.6309982125 0.306765228125 0.6306201734375 0.3141264265625 0.6302343890625 0.34462431250000003 0.5655585109375 0.3382492265625 0.539945825 0.3199937859375 0.5373236828125 0.2893275015625 0.541167628125 0.2770319859375 0.53062804375
1 0.23388375312499998 0.6228084078125 0.22421985000000003 0.63047260625 0.1807629375 0.6591442390625 0.1847127234375 0.7153044109375 0.24516724218750002 0.722872728125 0.24478115156250002 0.6642889984375 0.288097778125 0.6329405671874999 0.23388375312499998 0.6228084078125
1 0.12889584375000002 0.706598328125 0.1847127234375 0.7153044109375 0.1814861671875 0.653738034375 0.22993869843749998 0.624357234375 0.2196201296875 0.6195297046875 0.19861774999999998 0.6157094515625 0.18054935625 0.616656375 0.17181911249999998 0.6229295671874999 0.163104978125 0.6359122937499999 0.1424694234375 0.64549356875 0.12562252499999998 0.6441396875 0.12889584375000002 0.706598328125
1 0.182058690625 0.6134457640625001 0.217495628125 0.6174042531249999 0.23964209374999998 0.6238487015625 0.26892575625 0.5552102328124999 0.26944582499999997 0.53952543125 0.26971755000000003 0.5319060953125 0.2159550296875 0.523987065625 0.21437713125000002 0.5450956109375 0.203835178125 0.568016015625 0.182058690625 0.6134457640625001
1 0.3469877 0.444200496875 0.34735295 0.43836569531249997 0.3016135578125 0.43628920937500004 0.27289830625 0.509371475 0.284603609375 0.534257459375 0.32456127968750004 0.5348475171875 0.3192762484375 0.5172301546875 0.3469877 0.444200496875
1 0.2720114109375 0.5116547453125 0.3068809 0.42796070625000004 0.302732684375 0.4192309359375 0.2777312171875 0.422330640625 0.263678021875 0.4230671375 0.22702589843749998 0.4983547890625 0.23335422343749998 0.5230752125 0.27987971875 0.5273472921875 0.2720114109375 0.5116547453125
1 0.1563115734375 0.5382968078125 0.1445553921875 0.5572546234375 0.11828155468749998 0.6064989375 0.17108703593750002 0.6153628390625 0.1786425484375 0.6122827203125001 0.20721909374999997 0.5557599921875 0.21162134375 0.5309245609375 0.21180681406250002 0.51525729375 0.20105285624999997 0.51492616875 0.1558891421875 0.511030078125 0.1563115734375 0.5382968078125
1 0.22612446562500002 0.5131648625 0.2247070796875 0.498923671875 0.2539600890625 0.43610247031249993 0.24546934375 0.4213372625 0.2041571625 0.41410781406249997 0.16910789375 0.4879693875 0.1806261515625 0.5092863078125001 0.2112311359375 0.5170768984375 0.22612446562500002 0.5131648625
1 0.2514842578125 0.32483995625 0.22385179375000003 0.41218094687500006 0.2618881203125 0.4209241515625 0.280197590625 0.41817515624999996 0.30351248124999997 0.34448119843749997 0.307767178125 0.32323236875 0.2514842578125 0.32483995625
1 0.25853423593749997 0.324917840625 0.30140978125 0.323565546875 0.306108715625 0.3107932484375 0.32138025312499996 0.269283275 0.2784813265625 0.2701894375 0.25853423593749997 0.324917840625
1 0.3462347828125 0.3722152359375 0.33777057187500004 0.3963688296875 0.3473602171875 0.43210229375000003 0.38612704062500003 0.42917589375 0.3947710296875 0.41485476875 0.40906941718749995 0.36758013749999996 0.402453253125 0.34376951718750004 0.399783721875 0.3376464015625 0.37967707968750003 0.34451580625 0.36240205937500003 0.3413949265625 0.3592036140625 0.33798368125 0.3462347828125 0.3722152359375
1 0.49627108125 0.3093270703125 0.4862210875 0.25840754062500004 0.426887271875 0.2530172828125 0.3983050375 0.33503974531249997 0.405387240625 0.3485366953125 0.42449892812499995 0.35469283125 0.46991098750000004 0.35052345156250003 0.49627108125 0.3093270703125
1 0.392087925 0.338049721875 0.400343284375 0.329117265625 0.4220319390625 0.2564032515625 0.4158454765625 0.2535959578125 0.3634068203125 0.2581335890625 0.341795575 0.3259226 0.354790940625 0.33060984375 0.3618102703125 0.33650499843750004 0.392087925 0.338049721875
1 0.3245050578125 0.4185372515625 0.3378012203125 0.3905515609375 0.3548610828125 0.3319482453125 0.3427526140625 0.32497772812500003 0.3110897984375 0.32261088125000004 0.2828743875 0.41803487187500005 0.3067712640625 0.41946664062499994 0.315587765625 0.42124138125000005 0.3245050578125 0.4185372515625
1 0.0652449984375 0.65915709375 0.007460603125 0.6554497625 0.011668071875 0.735733040625 0.0699998796875 0.704695403125 0.0652449984375 0.65915709375
1 0.08641120937499999 0.7057847671874999 0.01284781875 0.7582439578125 0.013412046875 0.76901005 0.0470833328125 0.77957744375 0.05038892968749999 0.7899300671875 0.054329024999999996 0.834984784375 0.1646608671875 0.75604779375 0.1629004640625 0.7224572953124999 0.08641120937499999 0.7057847671874999