1 0.2919218796875 0.75547946875 0.2934199078125 0.7244005046875001 0.286088521875 0.71172875 0.2699277234375 0.7174642046875 0.242860025 0.7067744359375 0.23253929375000001 0.70713484375 0.22592934531250003 0.71512233125 0.20614794375 0.7158131125 0.195556671875 0.7084263046875 0.1723350265625 0.7092372234375001 0.1521444609375 0.722870065625 0.14594032031249998 0.7424783765625 0.13747498125 0.746652325 0.1277855078125 0.76508956875 0.1291415546875 0.7792627624999999 0.142039115625 0.8033751375 0.1897031859375 0.8120528890625 0.24375175625 0.8062871406250001 0.25597296875 0.8110314734375 0.282322584375 0.77649911875 0.2919218796875 0.75547946875
1 0.327854015625 0.82274188125 0.3656516078125 0.8201291828124999 0.3959791890625 0.8255340062500001 0.40625483124999995 0.8238823953125 0.42337257968750003 0.77157354375 0.4282624078125 0.763646125 0.424693603125 0.710766884375 0.41953323906250006 0.7109470890625 0.3932771578125 0.7234989656249999 0.377796059375 0.7240395765625001 0.37417545625000004 0.718994903125 0.36915036093750003 0.723048715625 0.366434909375 0.7192652093749999 0.35778920937500003 0.718274346875 0.3418505046875 0.7550286984375 0.33614570625 0.76427735625 0.3293553984375 0.7671000328125 0.3237407796875 0.77893109375 0.327854015625 0.82274188125
1 0.6878003265625 0.8967883515624999 0.686444278125 0.88261515625 0.6897943421875 0.8799126156250001 0.8628920421874999 0.8803317953124999 0.8648409671874999 0.8621648578125001 0.8611402515625001 0.7808491265625 0.8499628140625 0.756676684375 0.8457560421875 0.7348463765625 0.826883146875 0.71223544375 0.8061515046875 0.710373853125 0.78279794375 0.6827482781249999 0.781986328125 0.65950663125 0.7700840984374999 0.63923783125 0.7500772484375 0.6334725999999999 0.7334171078125 0.6495677125 0.7076603687499999 0.651759934375 0.6942601109375001 0.6625700984375 0.687241 0.683499646875 0.6686352859375 0.6931988125 0.661390725 0.7076723484375 0.6668533 0.814782096875 0.673272825 0.8753184515625 0.677888759375 0.8842066984375 0.67924480625 0.8983798937499999 0.6878003265625 0.8967883515624999
1 0.167032803125 0.591448778125 0.1507634234375 0.6408656859375 0.15512860781249999 0.6691879359375 0.22984873125 0.6642150531250001 0.22697910625 0.6400039609375 0.2434095375 0.5759506765625 0.24115230781250002 0.5692763578125 0.2351107890625 0.5701626484375 0.234270275 0.578295765625 0.17684683750000002 0.582664640625 0.17510953437500001 0.57799810625 0.16854808906250002 0.576876615625 0.1645509484375 0.584782303125 0.167032803125 0.591448778125
1 0.2517100421875 0.568907675 0.2438479046875 0.5691822265625001 0.24489320781249999 0.5774120046875 0.243976584375 0.5793074453125 0.22788941562499998 0.6403098203125 0.23071193281250002 0.66317194375 0.31085856875 0.65902253125 0.308826859375 0.6459248453125 0.3233542203125 0.5788991140624999 0.32345019218750004 0.568766059375 0.3179883390625 0.56693084375 0.314334484375 0.5717856421875 0.2528087796875 0.574609475 0.2517100421875 0.568907675
1 0.3980528953125 0.6577192625 0.396367446875 0.6332875640625 0.408356034375 0.5618963 0.4024500203125 0.5596035125000001 0.39578119218749996 0.568832921875 0.33451235625 0.573221609375 0.326427621875 0.5705050890625001 0.324606915625 0.5755667421874999 0.31001681875 0.645015371875 0.3122228671875 0.6594669984375 0.3980528953125 0.6577192625
1 0.397712890625 0.634314303125 0.399294365625 0.658545446875 0.4178766171875 0.659000453125 0.418573940625 0.647384896875 0.4288363828125 0.6464745609375 0.4244912671875 0.6220639515624999 0.42249374375000004 0.6017110875 0.42373225156250005 0.5898006453125 0.4226508921875 0.567423765625 0.41003307187500004 0.5659926765625001 0.397712890625 0.634314303125
1 0.5648956328125 0.593201678125 0.55878115625 0.59178090625 0.5575705656250001 0.5971929890625 0.5571604046874999 0.6077134515625 0.5499884078124999 0.6411093328125 0.553316015625 0.6846592703125001 0.565717184375 0.68352579375 0.56678059375 0.678352321875 0.6164998640625 0.67264710625 0.6175376359375 0.675645975 0.6312959703125001 0.6732977609375 0.6268547234375 0.6307278875 0.62670543125 0.586373834375 0.61736935625 0.59066884375 0.6162076234375 0.5974800375 0.5666849828125 0.5999098171874999 0.5648956328125 0.593201678125
1 0.7249416328125 0.5544343125 0.7228698687499999 0.5428914687499999 0.71664189375 0.5426534562499999 0.7105563359375 0.550837178125 0.6350302921875 0.55575209375 0.6342256484375 0.550086471875 0.6258841359375 0.5511043734375 0.6281227296874999 0.6272787015625 0.629331315625 0.6531998703124999 0.634466903125 0.6525650328125 0.6322918671875 0.638065065625 0.638560134375 0.635113178125 0.6502749546875 0.63174335 0.65436289375 0.653236746875 0.68392401875 0.6526599484375 0.732815375 0.6495861265625 0.7316538578125 0.6293570359375 0.7249416328125 0.5544343125
1 0.8160970624999999 0.5396490515625 0.8229437531249999 0.539409959375 0.8129895812499999 0.4559967171875 0.8085080250000001 0.45617034843750004 0.8018408031250001 0.4615494359375 0.7401383265625 0.4658094265625 0.7312530125000001 0.4612073625 0.7196238828125 0.458338571875 0.7249901999999999 0.5049353734375 0.7274582703125 0.544381825 0.7413556453125 0.5497445421875 0.752329709375 0.5517005296875 0.7957277 0.5497172046875 0.8037866156250001 0.54850009375 0.8160970624999999 0.5396490515625
1 0.724217371875 0.5274187703125001 0.7164657453125 0.4348228328125 0.6483997031250001 0.43977288124999997 0.6544040609375 0.553716646875 0.709587375 0.5501521640625 0.7175734609375 0.5423878 0.724141578125 0.543094125 0.724217371875 0.5274187703125001
1 0.7200016390624999 0.4557717109375 0.7233020171875 0.4565921484375 0.7372238671875 0.46265578124999995 0.8025460875 0.459438990625 0.8106137625000001 0.45401099843750004 0.8184354968750001 0.45046295937499997 0.8081923890624999 0.37128752343750004 0.713685303125 0.3779071875 0.71426935625 0.38977225312499997 0.7200016390624999 0.4557717109375
1 0.7356906624999999 0.2982920671875 0.7257563 0.29934074375 0.7178034484375 0.30359512187500004 0.7170667953125001 0.3003459484375 0.7084960734375 0.301792853125 0.7106903484375 0.3363585265625 0.7140040890625 0.359868834375 0.7155414875 0.37712530312500003 0.8072189640625 0.3701811234375 0.8102658296874999 0.36820335000000004 0.8092844265625001 0.35794509375 0.7980656984375 0.286523115625 0.7898511906250001 0.2877456609375 0.78541143125 0.2944504859375 0.7395394515625 0.3014325515625 0.7356906624999999 0.2982920671875
1 0.77963868125 0.22729256874999998 0.7781088640625 0.2147142578125 0.776692671875 0.209851371875 0.7668801015625 0.21884910937500002 0.701548534375 0.2307212984375 0.700795565625 0.22700485625 0.692518184375 0.22897846406250003 0.6999398609374999 0.3184978421875 0.707359453125 0.3212797234375 0.7072639015625 0.3006980078125 0.7123336609375001 0.2986496015625 0.7191063468750001 0.300752303125 0.72983565 0.2956992078125 0.737435309375 0.2991765546875 0.7834710406250001 0.2924226984375 0.7889260375 0.28802161875 0.7869287968750001 0.2799041296875 0.77963868125 0.22729256874999998
1 0.7061941140625 0.3317239515625 0.6599124796875 0.33309859999999997 0.6485223062500001 0.329390290625 0.6452846265625001 0.3361866265625 0.64859251875 0.4373534015625 0.7159984875000001 0.4328257265625 0.7083911421875 0.34396544375000004 0.7061941140625 0.3317239515625
1 0.57832208125 0.335808509375 0.5813899671875 0.4384924984375 0.58901793125 0.4358107875 0.5923571 0.4439063296875 0.63632195625 0.440680296875 0.6385382625 0.43504763750000003 0.64702855 0.43402654218750003 0.6429403390624999 0.33538202031250003 0.6334607531249999 0.3357130546875 0.6273041 0.339067984375 0.58892903125 0.34113268125 0.58728081875 0.335393425 0.57832208125 0.335808509375
1 0.684115628125 0.2660932828125 0.5943252640625001 0.274542575 0.5931506343749999 0.26854525156250003 0.5864373406250001 0.26881994374999996 0.589505021875 0.3392004 0.5959318578125 0.33897596874999997 0.6296727453125001 0.3377977109375 0.6350428921875 0.3349533171875 0.6427466734375 0.33444274375 0.6477786234375 0.331127090625 0.6515841796874999 0.32954499843749996 0.6642344437500001 0.33248470625 0.6984405109375 0.3308071453125 0.6928857421875 0.2592656125 0.6840909640625 0.26078040156250004 0.684115628125 0.2660932828125
1 0.59246664375 0.20289207031249998 0.5867422921875 0.20270778906250003 0.5890081984375 0.2650869953125 0.593718203125 0.266371734375 0.5957130359375 0.2728234765625 0.6827888375 0.2649520484375 0.6834152812500001 0.25985796875 0.69232018125 0.2568901265625 0.68597050625 0.185617890625 0.6806003609375 0.1884622875 0.6801002796875 0.1971749609375 0.595053009375 0.2124631 0.59246664375 0.20289207031249998
1 0.6367391437500001 0.44311367187500006 0.5919491578125 0.4470308703125 0.5887188921875001 0.439300028125 0.5820756390625 0.44159942656249995 0.5836886296875 0.5445805531250001 0.584756890625 0.5651981890625 0.6248692078125 0.561967240625 0.6246145171874999 0.5496877625 0.6331093875 0.5486067421875 0.636596290625 0.5537140765624999 0.652057159375 0.5526512671875 0.6474936718750001 0.4518890375 0.644172875 0.43657916874999997 0.639165603125 0.437799840625 0.6367391437500001 0.44311367187500006
1 0.5610061296875 0.46849402500000004 0.5606934515625001 0.4794860515625 0.5590440875 0.49209348124999996 0.5420074625 0.5028851578125 0.5229665015625 0.5111322671874999 0.5255349078125 0.5398026140625001 0.522814653125 0.5516630874999999 0.528871946875 0.57053775625 0.5832915140625 0.5681144812500001 0.579921378125 0.4671594359375 0.5610061296875 0.46849402500000004
1 0.5194164812500001 0.3695803375 0.5306641 0.387489403125 0.5584446953125 0.46495573749999997 0.5810272875 0.46338278437499997 0.57733879375 0.3620432234375 0.5194164812500001 0.3695803375
1 0.2412464671875 0.47961650312500004 0.24195798750000003 0.470968384375 0.2353604265625 0.47069153437500005 0.23227869375000001 0.4743499015625 0.1989174625 0.476783028125 0.1954635578125 0.4746210171875 0.1863279625 0.4756190171875 0.18676809218749998 0.49166394999999996 0.1761825515625 0.5658386296875 0.173527353125 0.5671994781249999 0.1694326890625 0.575712096875 0.1736593984375 0.5758181390625 0.1769976671875 0.5795059453125 0.2272215078125 0.576230321875 0.2275153515625 0.5701330640625 0.23080245625 0.55784424375 0.241146596875 0.496105646875 0.2412464671875 0.47961650312500004
1 0.2534946328125 0.3950062265625 0.253621040625 0.3792770359375 0.24856845156250001 0.379707096875 0.21419492343750002 0.382175575 0.20605031093749998 0.381431840625 0.2025681109375 0.407183271875 0.19943958281250002 0.42885069062500003 0.1954580125 0.4551131546875 0.19067836093749999 0.47303384687500005 0.1973201515625 0.4745772921875 0.23140931875 0.4736404921875 0.23465976406250003 0.4699762234375 0.24157707031250003 0.469734665625 0.24308793125 0.4597905171875 0.2528627265625 0.4059341890625 0.2534946328125 0.3950062265625
1 0.255021259375 0.4000254265625 0.24279345000000002 0.4707066953125 0.295237115625 0.46811444843750005 0.29671195781250004 0.4619759296875 0.29938613593749996 0.4514839046875 0.30227454531250003 0.43261474843750003 0.306398928125 0.4007675328125 0.3053797109375 0.3860928484375 0.3052571671875 0.37290860000000003 0.25555748437500003 0.3784352359375 0.255021259375 0.4000254265625
1 0.299136521875 0.458847753125 0.298362440625 0.4705415640625 0.3137420078125 0.47076537187499995 0.350104709375 0.467212925 0.354315 0.45717451093749994 0.36289239375000004 0.39321497656250004 0.3623009875 0.36660495625 0.30870531875 0.3708742828125 0.3081303015625 0.40197520000000003 0.299136521875 0.458847753125
1 0.3554576078125 0.47054509843750003 0.317665546875 0.4718648265625 0.315979053125 0.46710483593749996 0.3025084328125 0.468336115625 0.299320559375 0.46895469062500006 0.29929271874999996 0.4778325546875 0.29682894375 0.5088609 0.290456253125 0.55372153125 0.2895128109375 0.5702401359375 0.31468666875 0.570375540625 0.31873645625 0.5654152406249999 0.3244190125 0.5685139312499999 0.3329078125 0.5697392453125001 0.3435456765625 0.56962139375 0.348104165625 0.5453677859375 0.3519524203125 0.5201244734375 0.3536775265625 0.50180319375 0.3554576078125 0.47054509843750003
1 0.41183706718749996 0.5327508390625 0.40857635937500003 0.5248609390625 0.38643969375 0.5198712703124999 0.3788071609375 0.5150153984375 0.379340059375 0.46921523125000003 0.35679895781250004 0.47096283281250007 0.34428792656249996 0.5706464546875 0.3909278734375 0.5690177515625 0.402294946875 0.5586961125000001 0.40782734062500003 0.5577161734375 0.41183706718749996 0.5327508390625
1 0.36552298125 0.366635853125 0.36418611093750003 0.38941323125 0.361628071875 0.40775115156249997 0.356018246875 0.44860620312500005 0.353785659375 0.4640513859375 0.378971678125 0.4647726234375 0.3804521015625 0.4583179125 0.38624300312500004 0.4043303765625 0.3929144296875 0.387769725 0.3999439828125 0.3753585109375 0.4053032859375 0.3639660859375 0.36552298125 0.366635853125
1 0.354002928125 0.27554084843750004 0.35328231875 0.290880765625 0.3487468875 0.34418415625 0.3459208609375 0.35484781249999997 0.3448320796875 0.366411265625 0.4071869640625 0.36295317968749996 0.4117918234375 0.293319671875 0.4058766359375 0.27047539375 0.40077655625 0.2709736390625 0.398567909375 0.274892578125 0.3621950859375 0.277443340625 0.354002928125 0.27554084843750004
1 0.3427996578125 0.2837349375 0.309723615625 0.2875919796875 0.3050370359375 0.284562359375 0.2979435453125 0.28448239375 0.29864541718750004 0.298295590625 0.2845684140625 0.35430110937500003 0.2795880484375 0.361598503125 0.2788811859375 0.374150665625 0.3432615625 0.367235365625 0.344216878125 0.36179798281250003 0.34771930625 0.3449723671875 0.3531360953125 0.28926926875 0.3503166921875 0.27880533125 0.3452512828125 0.27898221875 0.3427996578125 0.2837349375
1 0.2416665140625 0.2830710609375 0.2422459609375 0.3041953 0.2354632328125 0.34889243593749997 0.22806614218750001 0.3572567640625 0.22495172343749997 0.3664540984375 0.23000670781250002 0.3800332390625 0.2772129125 0.3732263890625 0.2787539109375 0.3611363640625 0.284035371875 0.3530915390625 0.29646918437499997 0.30156486562499996 0.28655626875 0.2800493515625 0.2416665140625 0.2830710609375