1 0.34047515 0.784934028125 0.3392140484375 0.752762353125 0.33052039375 0.7403604171875 0.3143941875 0.7477282203125 0.28555335 0.739146984375 0.274956771875 0.7404480812500001 0.2688699484375 0.749277078125 0.24855984062499997 0.7517708468750001 0.23698570000000002 0.7451103421874999 0.2131434 0.7480378078125 0.1935795125 0.763909334375 0.18895903125 0.78468073125 0.18061733124999999 0.789745778125 0.1723017296875 0.8096239421875 0.17497697343750002 0.8241117843750001 0.190435259375 0.8478055734375 0.24030632500000002 0.8524576828124999 0.29544957968749996 0.8416461265624999 0.3084639609375 0.845435915625 0.332485403125 0.8074660578125 0.34047515 0.784934028125
1 0.38354915625 0.8510329328124999 0.42224035000000004 0.8449353125 0.45396167031249995 0.847775115625 0.4643953203125 0.8451470859375 0.4773053046875 0.7896844093750001 0.48162603125 0.7810722609375 0.47317993124999996 0.72688484375 0.4678816421875 0.7275353921875001 0.441973490625 0.74283895625 0.42607862343749997 0.7447906 0.4218947234375 0.739916565625 0.41708521562499995 0.7445479140625 0.413947290625 0.7408923875 0.40495388125 0.7406497015625 0.391854871875 0.7799723296875001 0.38681402343750004 0.7900198359374999 0.3800754921875 0.7935410984375 0.375360496875 0.806242471875 0.38354915625 0.8510329328124999
1 0.7609302546875 0.894941225 0.758255009375 0.8804533828125001 0.7614613484375 0.8773658171875001 0.9397686671875001 0.8622071234375 0.9401368359375001 0.84330478125 0.9289893906250001 0.7598164046875 0.9152972015625 0.7359057671875 0.90899525 0.7137815984375 0.887518553125 0.692173715625 0.8659995437499999 0.6921220421875 0.8394558984374999 0.66574855 0.8365232125000001 0.6418637484375 0.8224367562499999 0.6220423375 0.8013120140625001 0.6179014375 0.7856061734375 0.6359931328124999 0.7592776546875 0.64057280625 0.7464523 0.6529230671875 0.741111696875 0.6751298234374999 0.722825125 0.6868037 0.7166698874999999 0.7023757875000001 0.7319589203125 0.8122944078125001 0.7440317265624999 0.874118153125 0.74958745625 0.8828645625 0.7522627 0.8973524046874999 0.7609302546875 0.894941225
1 0.1970560984375 0.6270969578125001 0.184758925 0.6795021546875 0.1918097140625 0.7083040625 0.268313678125 0.6964479359375 0.26317403281249996 0.671749178125 0.2743165984375 0.6042420374999999 0.271389784375 0.597565340625 0.265247715625 0.5990230999999999 0.2651158453125 0.6074825640625 0.2063708640625 0.6171581703125 0.2041606515625 0.6125043015625 0.1973019828125 0.6119392312499999 0.19389865312500001 0.6204485765625 0.1970560984375 0.6270969578125001
1 0.2822296984375 0.5962343671875 0.27415742656250003 0.5972255171875 0.2759764359375 0.6056147671875001 0.2752034296875 0.6076511828125 0.2641391328125 0.6719824734375 0.2691085625 0.695294934375 0.351275459375 0.6837988921875 0.348001396875 0.6704805578124999 0.356915865625 0.600080775 0.3561005203125 0.5896268 0.35030990625 0.588226971875 0.346984875 0.593560484375 0.2838756703125 0.6020129187500001 0.2822296984375 0.5962343671875
1 0.44095739375000004 0.6746019234375 0.43701740312500004 0.6495691031249999 0.4429233953125 0.5748979171874999 0.43663407187500003 0.573066421875 0.43059865156250005 0.5831809171875 0.3678951703125 0.593223296875 0.3593238015625 0.591151246875 0.3579053484375 0.5965328796875 0.3491448578125 0.6694358796875 0.35272061875 0.684134175 0.44095739375000004 0.6746019234375
1 0.4384956765625 0.6505063 0.44231049218749996 0.6753417515625 0.4614889953125 0.6741370875 0.4611592171875 0.6621007609375 0.4716461515625 0.6602380375 0.46496893281249996 0.6354665109375001 0.461075528125 0.6146663328125 0.4612765 0.602277284375 0.4581440328125 0.5793081984375 0.44502010625 0.5789694859375001 0.4384956765625 0.6505063
1 0.6069643859375 0.5930686390625 0.6005390421875 0.592154809375 0.59978055 0.5978427171875 0.600307271875 0.608724340625 0.59593390625 0.643795384375 0.6032899328125 0.6883877171874999 0.6159593625 0.6861023453125 0.6165878031250001 0.68067365625 0.6672778671875 0.6703144390625 0.6686172 0.67331225625 0.6825747515625 0.6696524703125 0.6741602328125 0.6261707078125001 0.6700049359375 0.5804632093750001 0.66077740625 0.585731475 0.660195459375 0.5928572109375 0.6094123953125 0.5998223421875 0.6069643859375 0.5930686390625
1 0.7682947078125 0.5386913171875001 0.7651196703124999 0.5269793484374999 0.75868414375 0.5272949515625001 0.75315508125 0.5362790015625001 0.675815890625 0.5481479625000001 0.6744760640624999 0.5423802125 0.6659771578125 0.544180796875 0.6751549453125001 0.62250101875 0.678738203125 0.6491121609375 0.68396995625 0.6479952015625 0.6804217734375 0.6332442828125 0.6866110109375 0.629636846875 0.6983718234375 0.625108021875 0.7045209984375 0.646895596875 0.734913309375 0.643638471875 0.784988125 0.6360663109375 0.781966871875 0.615318421875 0.7682947078125 0.5386913171875001
1 0.8608397734375 0.515240096875 0.8678694578125 0.5143769609375 0.8500924859375001 0.42928967812499996 0.8454926953124999 0.429872309375 0.8391115609375 0.43601768124999996 0.775949871875 0.44596645468749996 0.7663838921874999 0.442022859375 0.7541484921875 0.4401130875 0.7638790203125 0.48766255625 0.7699796203125 0.5281023625000001 0.784776034375 0.5323786187499999 0.7962544484375 0.533406459375 0.840770146875 0.527453184375 0.8489600421875 0.5254727031249999 0.8608397734375 0.515240096875
1 0.7651115125 0.51090845 0.74877445 0.41615709843750004 0.67912131875 0.42739035937500003 0.6955848734375001 0.5443048046875 0.7520953671874999 0.5356601484375 0.759619575 0.5269372046874999 0.7664476578125 0.527073709375 0.7651115125 0.51090845
1 0.7543059578125 0.4374330984375 0.7577789609375001 0.43798155625 0.77266381875 0.44297812499999994 0.8396475171875 0.433778671875 0.8474665328125001 0.42745675 0.85520186875 0.4230948703125 0.8375096531249999 0.34240201875 0.7407761078124999 0.357737875 0.7424480531250001 0.3699159890625 0.7543059578125 0.4374330984375
1 0.756256209375 0.2736871890625 0.7461196375 0.2756629640625 0.7383129937499999 0.2807647609375 0.737261196875 0.2774818046875 0.728564934375 0.27974525625 0.7339432234375 0.31517853281249997 0.7394770281249999 0.3391149046875 0.7426172078125 0.35676470625 0.8364073265625 0.341349196875 0.839366796875 0.3390360421875 0.8374305890624999 0.32855004375 0.8194331078125 0.2559374671875 0.8110834625000001 0.2579375625 0.8071159484375 0.26524890156250003 0.760503321875 0.2765777984375 0.756256209375 0.2736871890625
1 0.7951118562499999 0.196541278125 0.792401540625 0.183713121875 0.7905043140625 0.17882792812499998 0.7812103234375 0.188986765625 0.714997871875 0.20710920000000002 0.713887115625 0.2033460453125 0.7055404796875 0.2061260125 0.7212601765625 0.297735709375 0.7291524265625 0.2999350453125 0.7271971749999999 0.278727653125 0.7322336046875 0.276159490625 0.7393983453125 0.27771698125 0.7499923359375 0.27154177968750004 0.7581327796874999 0.27444179375 0.8049346421875001 0.26333339218749996 0.8101555656249999 0.258305353125 0.8073663046874999 0.25011759218749996 0.7951118562499999 0.196541278125
1 0.728894528125 0.3108061015625 0.6813541140625 0.3163916703125 0.66928906875 0.3135949828125 0.6665678078124999 0.3208923828125 0.6791016140624999 0.4248789484375 0.748113053125 0.41414053281249996 0.732261603125 0.3232269640625 0.728894528125 0.3108061015625
1 0.597570446875 0.32653388437499997 0.6099939562500001 0.4321060390625 0.6176078890625 0.4286546390625 0.621777190625 0.4366989109375 0.666764578125 0.4294135734375 0.668538934375 0.4234077078125 0.6771907734375 0.421590428125 0.664080884375 0.320274128125 0.6543479359375 0.321469184375 0.6483100109375 0.3254820328125 0.60897464375 0.331066775 0.606759403125 0.3252991015625 0.597570446875 0.32653388437499997
1 0.7002353046875001 0.24514143906250002 0.60852446875 0.2619384765625 0.6067736765625 0.25586212656249996 0.5998845859374999 0.2567499484375 0.6093935203124999 0.3290230640625 0.615992128125 0.3282128578125 0.6506348234375 0.32395926875000003 0.6559088015625 0.3205435296875 0.6637966953125 0.31932335156249997 0.6686798546875 0.3154522890625 0.6724563828125001 0.3134786765625 0.685749821875 0.31536958125000003 0.7208265500000001 0.31055940312499997 0.7086514687500001 0.23731343593749998 0.6997305828125 0.239667046875 0.7002353046875001 0.24514143906250002
1 0.6001461390625 0.188247271875 0.5942341296875 0.1885728984375 0.602195475 0.2526704015625 0.6071621125 0.25357050625 0.6097986109375 0.260041403125 0.6987659109375 0.24408453593749999 0.6989514921875 0.2387770453125 0.7078547000000001 0.2349156828125 0.6948852578125 0.16201890937500002 0.6896112796875 0.16543465 0.6898823000000001 0.17446086875 0.6036732609375 0.1978803046875 0.6001461390625 0.188247271875
1 0.667413765625 0.4318843640625 0.62163895 0.43995648593750003 0.617614709375 0.43227834375 0.610980415625 0.43524695781249995 0.6219323703125 0.54125645 0.624892634375 0.5624132578125 0.6659119328124999 0.5554698484375 0.6645418015625 0.5428348828125 0.6731929515624999 0.540955421875 0.6772448125 0.5459060890625 0.6930717359375 0.5434179765625 0.679281315625 0.43996151250000004 0.67448006875 0.42447893125 0.6694333171875 0.4261882234375 0.667413765625 0.4318843640625
1 0.5917077765625 0.464868103125 0.592377434375 0.476227040625 0.5918162109375 0.48937156093749995 0.575244175 0.502030290625 0.5563783453125 0.5122465640625 0.5616100765625001 0.5415691328125 0.559878578125 0.5540401296875 0.5678196890625 0.572950896875 0.623646578125 0.5655514078125 0.6110677671875 0.46178870312500003 0.5917077765625 0.464868103125
1 0.5399517015625 0.36665207187500004 0.5531510984375 0.3840999890625 0.588750590625 0.46145148125 0.611865996875 0.45779605468750006 0.598924628125 0.353665659375 0.5399517015625 0.36665207187500004
1 0.2633978078125 0.5051338890625 0.26335036875 0.4961551703125 0.2565307109375 0.49646402500000003 0.253686953125 0.5005127046875 0.21954846875 0.5060256390625 0.2157963171875 0.5041080906250001 0.20647780624999998 0.5059596828124999 0.2083786296875 0.5224594421875 0.2041687203125 0.59987345 0.2015569625 0.601515390625 0.198107953125 0.6106591515625001 0.2024705140625 0.6103877640625 0.20624122968749997 0.6138885453125 0.25767013437499997 0.605988346875 0.25742267343749997 0.59967671875 0.2596993171875 0.58671311875 0.2647825734375 0.5221401875 0.2633978078125 0.5051338890625
1 0.2683785359375 0.4168129328125 0.2670896625 0.4005876171875 0.2619249125 0.4014860171875 0.22674707500000002 0.40712656718750007 0.21829202187500002 0.40709349218749996 0.21702902812499997 0.4339521640625 0.215761821875 0.45656910625 0.21403064062500002 0.4839995375 0.21072495624999998 0.5029030062500001 0.217704434375 0.5038957953125001 0.2527276 0.4998597375 0.255744578125 0.49578977812499997 0.262846765625 0.4949177390625 0.2635056265625 0.4845310515625 0.26871365156250004 0.42813458437499996 0.2683785359375 0.4168129328125
1 0.27040359999999997 0.42184930937500004 0.264187184375 0.495810165625 0.317963890625 0.4884144640625 0.318928990625 0.4819539328125 0.320736496875 0.47089770625 0.32200886562500003 0.4511868875 0.323383278125 0.417986734375 0.321009684375 0.40295160937499996 0.3196940203125 0.3893720890625 0.2690080171875 0.3995454625 0.27040359999999997 0.42184930937500004
1 0.321143778125 0.478510975 0.3214015640625 0.490634884375 0.33726083125 0.48948036093749997 0.374389478125 0.482543271875 0.37781991718749997 0.47181627812500004 0.3808832734375 0.4051130953125 0.377873490625 0.3777362828125 0.323061665625 0.38696450625 0.3252753359375 0.41907567500000004 0.321143778125 0.478510975
1 0.380202934375 0.485496003125 0.34140078906250004 0.49026030625 0.33923446875 0.4855055265625 0.32547245625 0.48798804218749997 0.3222451421875 0.48891280937500003 0.3230174171875 0.49806677656250004 0.3232793484375 0.5302732546875 0.3207635 0.577090375 0.3212821484375 0.59420301875 0.3472203640625 0.59207520625 0.35094364218749996 0.586597278125 0.357075540625 0.5892796406249999 0.36592851249999997 0.589778134375 0.3768735828125 0.58869850625 0.379380153125 0.5632868765625 0.3810659796875 0.5369190125000001 0.38118971562500004 0.5178777328125 0.380202934375 0.485496003125
1 0.44387898437500006 0.544540725 0.43980903906249996 0.536701365625 0.41656081718750004 0.5335517624999999 0.408262153125 0.5292336984375 0.40467896562499994 0.4819740765625 0.38162205 0.4858057984375 0.3777304875 0.589688303125 0.4256170015625 0.583808578125 0.4363925 0.5721450265625 0.4420017828125 0.5706365875 0.44387898437500006 0.544540725
1 0.3811945375 0.377477928125 0.38187265625 0.401077665625 0.380892603125 0.42021112031249996 0.37880103906249996 0.46283050625 0.37789517968749997 0.47895276249999996 0.40389877500000004 0.47742773906249997 0.404841096875 0.4706407671875 0.40593435937500005 0.41446787343749997 0.41131104531249996 0.39679596875 0.4174309078125 0.38336912343749996 0.4219225328125 0.37114290156249996 0.3811945375 0.377477928125
1 0.36111186093750003 0.284613184375 0.3617536625 0.30049075 0.3618916578125 0.3558453328125 0.3599432484375 0.367092159375 0.359865171875 0.3791100375 0.4237711109375 0.3699291171875 0.42223134218749997 0.29773490625 0.41407845468750004 0.274719396875 0.4088709453125 0.27569235625 0.40694986718750004 0.27993099843749997 0.369720425 0.2858364453125 0.36111186093750003 0.284613184375
1 0.3503131203125 0.29406886875 0.3165968078125 0.3010239140625 0.311496875 0.2983230453125 0.3041842328125 0.2988795203125 0.306153275 0.3130551921875 0.2967083953125 0.3720545796875 0.29223758593750004 0.380025440625 0.2926420390625 0.3930281 0.35832208125 0.3801009890625 0.3588153875 0.37440999218750004 0.360904484375 0.3567503890625 0.3614576859375 0.2988427609375 0.35761000625 0.2883102890625 0.35240920937500003 0.2889488671875 0.3503131203125 0.29406886875
1 0.2460984328125 0.30249352812499997 0.24860098281249998 0.32421657656249997 0.24564809375 0.37090209375 0.2387846078125 0.38019044375 0.236406903125 0.38995173125 0.24283800625000002 0.4034940515625 0.290840534375 0.3922256 0.291336834375 0.379624190625 0.296050303125 0.3708557453125 0.3042069703125 0.3166212296875 0.2920567859375 0.2953355078125 0.2460984328125 0.30249352812499997