1 0.4979445765625 0.652426278125 0.4937635828125 0.6898402328125 0.595921484375 0.711392715625 0.6348920953125 0.6765164796875001 0.6378180625 0.6415811953125 0.54047535 0.6238912671875 0.4979445765625 0.652426278125
1 0.5314553296875 0.629283203125 0.4405550015625 0.5928775234375 0.39168151406249996 0.6155247312500001 0.369593953125 0.6482595812499999 0.4747775625 0.693065878125 0.492318575 0.6775678125 0.496145665625 0.6529830859375 0.5314553296875 0.629283203125
1 0.4315222109375 0.5581770828125 0.3320499359375 0.537093340625 0.2870639234375 0.5487744734375 0.281938059375 0.585716178125 0.37966958125 0.6068034296875 0.3796064484375 0.61686616875 0.4312431 0.593949971875 0.4315222109375 0.5581770828125
1 0.19415754375 0.5125308890625 0.190597975 0.5511289781250001 0.28411522968749997 0.5626362671875 0.2881444875 0.5479556953125 0.3199361015625 0.5388036421875 0.32017978281250004 0.5246575421874999 0.19415754375 0.5125308890625
1 0.28388981874999997 0.5695119609375 0.2240816203125 0.56136116875 0.15850563906249998 0.582066403125 0.16260084531250002 0.6164343531250001 0.24622354687499998 0.6274610921875 0.2700939765625 0.615611790625 0.2727485578125 0.5832585609375001 0.28388981874999997 0.5695119609375
1 0.0793591546875 0.5592031171875 0.07787596718749999 0.5922388749999999 0.15750097968750001 0.612914815625 0.1583239734375 0.5790637921874999 0.2215643671875 0.5616560046875 0.1554583171875 0.544825071875 0.0793591546875 0.5592031171875
1 0.1572184546875 0.5446371296875 0.15757235625 0.5318079015625 0.0879798203125 0.52449343125 0.08785133125 0.530446965625 0.0095123890625 0.540114321875 0.01017815 0.5763594624999999 0.079163671875 0.591814809375 0.08065295 0.5563555828125 0.1572184546875 0.5446371296875
1 0.506656075 0.6192178984375001 0.534601734375 0.596981665625 0.4560838734375 0.5799650203125 0.43130734375 0.5909732062499999 0.506656075 0.6192178984375001
1 0.538820971875 0.5970521843750001 0.514492515625 0.617990371875 0.613990265625 0.6364662140624999 0.6276670515625 0.615154371875 0.538820971875 0.5970521843750001
1 0.639694075 0.6135846859375 0.63589678125 0.6707493437500001 0.7513966734374999 0.6987603625000001 0.7786513890625 0.6618277765625 0.78683284375 0.6200478515625 0.6758142 0.5974824765625 0.639694075 0.6135846859375
1 0.6015628468750001 0.5776414812499999 0.557459696875 0.5974890859374999 0.6369426109375 0.6131152625 0.6679814890625 0.59456101875 0.6015628468750001 0.5776414812499999
1 0.448231678125 0.5358306640625 0.44365183124999996 0.5671045218749999 0.53202738125 0.5873014453125001 0.5561608109375 0.5760208171875 0.559882428125 0.54368713125 0.47156664218750005 0.5290718328125 0.448231678125 0.5358306640625
1 0.4069189265625 0.517232490625 0.4894199453125 0.530416590625 0.4910757390625 0.5146627625 0.506883175 0.50570561875 0.5084751062499999 0.49392704375 0.5279040312500001 0.490925284375 0.5288509875 0.478547990625 0.47503801875 0.4651935546875 0.430358028125 0.47270885625 0.429557728125 0.48032320625 0.41374870625 0.479192540625 0.4069189265625 0.517232490625
1 0.2203201984375 0.42423240156249997 0.18369433125 0.42038286718749995 0.153516903125 0.4457774546875 0.1508772234375 0.47089233750000004 0.2064217421875 0.47593679062499994 0.24500145468749998 0.471263071875 0.2399860015625 0.44851764375 0.2203201984375 0.42423240156249997
1 0.191396559375 0.36723371718750003 0.1901898640625 0.39884729218750004 0.2626167015625 0.4143947625 0.299185996875 0.40871622968750004 0.304712828125 0.356131946875 0.2480134484375 0.3620752515625 0.191396559375 0.36723371718750003
1 0.260198575 0.44746803125 0.30354152968750003 0.4377403765625 0.3024078484375 0.4082613484375 0.2616527390625 0.413499934375 0.1910713390625 0.40052695937499994 0.1898080703125 0.42261246718749995 0.22241310625000002 0.424452375 0.23549614375 0.4409041484375 0.260198575 0.44746803125
1 0.15811990625 0.472447084375 0.15605765625 0.49206808437499994 0.206261503125 0.507660353125 0.2473465703125 0.49928240625000003 0.2457179484375 0.47451241875 0.1998955515625 0.47763139218750006 0.15811990625 0.472447084375
1 0.24881253124999997 0.5016010093750001 0.26143103125 0.5029272671875 0.29274327968749997 0.49633094843750003 0.295472525 0.4663178046875 0.26215666249999997 0.47174669218750004 0.24520978906250002 0.467094978125 0.2405849125 0.478728884375 0.25061339843749997 0.48042081562499994 0.24881253124999997 0.5016010093750001
1 0.23464698906249998 0.446210046875 0.2426282890625 0.45119523125 0.23960914843749997 0.46778211562500005 0.2572087328125 0.470269803125 0.2960257671875 0.4651001625 0.30084767968750004 0.43945328281249996 0.26354733124999996 0.44637706875000005 0.23507802187500002 0.44210903281249997 0.23464698906249998 0.446210046875
1 0.2730757953125 0.5841991671875 0.27154973125000004 0.6223347484375 0.3682855203125 0.6465971390624999 0.38321471093750004 0.6226356078124999 0.3763006625 0.6141965265625 0.3763733265625 0.6067577234375 0.2730757953125 0.5841991671875