1 0.5234647609375 0.6084506984375 0.5238697250000001 0.6456524328125 0.62666894375 0.6544891500000001 0.6606936734375 0.6155866765625 0.6593562125 0.5809673453124999 0.561745253125 0.5753393671875 0.5234647609375 0.6084506984375
1 0.5535471765625 0.5817144812499999 0.46000130937500006 0.556952909375 0.41479034531250003 0.5850529625 0.39706777656250003 0.6198216953125 0.5056354062499999 0.6511029609375 0.520974325 0.6337888234375 0.5217673234375 0.6092135046875 0.5535471765625 0.5817144812499999
1 0.44696215468749995 0.5240041859375 0.3468536375 0.5153037953124999 0.3041350703125 0.5321793765625 0.303556365625 0.5690316906249999 0.401957853125 0.5779451718749999 0.40310784218749995 0.5878230062500001 0.45099671093750004 0.559126325 0.44696215468749995 0.5240041859375
1 0.20864105312499998 0.5078183984375 0.209798165625 0.5461067703125 0.3029122421875 0.546131109375 0.305096353125 0.5312461234375 0.3351775328125 0.5184403171875 0.333712859375 0.50453549375 0.20864105312499998 0.5078183984375
1 0.30351922187499997 0.5529024140625001 0.24387355937500002 0.5521105875 0.1820457515625 0.5803173953125 0.1902017359375 0.6135346484374999 0.273552675 0.6142792874999999 0.29553936406250003 0.599781825 0.2942466828125 0.5677278343750001 0.30351922187499997 0.5529024140625001
1 0.10165985156249999 0.56742355625 0.104183721875 0.600005940625 0.1847755578125 0.6106966468749999 0.1815059375 0.5773941046875 0.24143997343749998 0.55270295 0.17457154375 0.544155528125 0.10165985156249999 0.56742355625
1 0.17627537499999998 0.5437592 0.175077409375 0.531132784375 0.1059353171875 0.5323396640625 0.106526303125 0.5381947734375 0.030850346875 0.5571119828125 0.035868575 0.592583540625 0.10539571875 0.5994349015625 0.10258595156250001 0.5644746796875 0.17627537499999998 0.5437592
1 0.5280101312500001 0.5748284484374999 0.55274313125 0.5496519609375 0.47367797500000003 0.5424172046875 0.45070121875 0.5561987703125 0.5280101312500001 0.5748284484374999
1 0.55689014375 0.5492129859375 0.5355488140625 0.5726806203125 0.6353682359375 0.5788199328125 0.64621666875 0.55626863125 0.55689014375 0.5492129859375
1 0.6578245593750001 0.55328049375 0.6609845703125 0.609808871875 0.7776483734374999 0.6233737203125 0.799933684375 0.5838652453125001 0.80292683125 0.5418992703125001 0.6913143953125 0.5331361859375 0.6578245593750001 0.55328049375
1 0.616093975 0.5226172703125 0.5752249140625 0.5473967609375 0.655069196875 0.5531514265624999 0.6832796859375 0.5312139546875 0.616093975 0.5226172703125
1 0.46066065156249997 0.5000728624999999 0.45993490625 0.5312999984375 0.549052184375 0.5404669765625 0.5713653328125 0.5264956328125 0.571121625 0.4943323046875 0.48273519531250003 0.4906329703125 0.46066065156249997 0.5000728624999999
1 0.41789836718749995 0.48680601093750003 0.5004089046875 0.48980182968749997 0.5001357 0.4741499703125 0.5145619671875 0.46346040625 0.5147048828125 0.451715440625 0.5334006 0.44643117187500003 0.5328387718750001 0.43417662031250004 0.47844694218750006 0.42755866249999996 0.4355268296875 0.44031125156249995 0.43565887812500004 0.447876315625 0.4200161234375 0.44867125 0.41789836718749995 0.48680601093750003
1 0.22366891562500002 0.41805822187499997 0.18728010781249999 0.418693390625 0.1607384125 0.44723659375 0.1611739578125 0.47218891718749995 0.2162633953125 0.4704473296875 0.25354216093750004 0.46121665156249997 0.24588329999999997 0.4395104015625 0.22366891562500002 0.41805822187499997
1 0.1884339390625 0.36563340625 0.191057728125 0.396787515625 0.26397144687499996 0.4033147796875 0.2991572421875 0.39334063750000003 0.2982453203125 0.3410967109375 0.2433464359375 0.35375493750000003 0.1884339390625 0.36563340625
1 0.2655827796875 0.4360465578125 0.3069249890625 0.4212849671875 0.302262671875 0.3925064328125 0.2629181546875 0.40255316875 0.19212463125 0.39832888906249997 0.1935454109375 0.4201440234375 0.225748275 0.41802192656250003 0.2405624015625 0.4325833 0.2655827796875 0.4360465578125
1 0.16846532812499998 0.4728416453125 0.16880559687500002 0.492335646875 0.21992686562500002 0.501583290625 0.2592169390625 0.48841751718750004 0.2546362859375 0.4643175453125 0.21006614687499997 0.472895496875 0.16846532812499998 0.4728416453125
1 0.260934096875 0.4905152109375 0.2734709234375 0.49029637968750006 0.303389709375 0.48005514531250004 0.3024520921875 0.4502874796875 0.270427421875 0.45962492499999996 0.253244525 0.45710320624999995 0.250109259375 0.46907154687499997 0.2601496625 0.469523321875 0.260934096875 0.4905152109375
1 0.2403685109375 0.43788995937499997 0.2487975140625 0.4418185390625 0.24783378437499998 0.45845171718750005 0.2653962796875 0.45877219374999995 0.3028481015625 0.4490265015625 0.3044889703125 0.423289540625 0.268736078125 0.43457315625000004 0.24029739062500002 0.43381549062499997 0.2403685109375 0.43788995937499997
1 0.294680940625 0.5686110328125 0.29777695312499997 0.606200840625 0.3955841578125 0.6183486390625 0.4073419203125 0.5930475078125 0.3995437765625 0.585602571875 0.39871915625 0.5782973265625 0.294680940625 0.5686110328125