2 0.09643096718750001 0.8471550625000001 0.1784598625 0.8100937171875 0.14417867812500001 0.717567309375 0.0900359890625 0.7108142921875 0.039857728125000005 0.7625490234375001 0.09643096718750001 0.8471550625000001
2 0.2668554953125 0.7577753109375001 0.152874471875 0.8248601687500001 0.15771862812499998 0.8896075140624999 0.24898467656249998 0.9182719265625 0.28906299999999996 0.8855105421875 0.3038660640625 0.7637444734375001 0.2668554953125 0.7577753109375001
2 0.3048755265625 0.876905003125 0.3748363921875 0.9053720468750001 0.46663249999999995 0.831830225 0.43653002812499997 0.769036896875 0.32429152031249997 0.7576822484375 0.3048755265625 0.876905003125
2 0.465741475 0.764931496875 0.48772340156249994 0.8607822578125001 0.5662446765625 0.859321665625 0.5886438734375 0.8370239625 0.625744640625 0.7376570921875001 0.50076700625 0.726497 0.465741475 0.764931496875
2 0.1262739703125 0.696146528125 0.088575365625 0.5338848359374999 0.058484189062500004 0.531730640625 0.0078163328125 0.5905795031250001 0.0223035109375 0.6936611296875 0.1262739703125 0.696146528125
2 0.23035804375 0.558641215625 0.15084424999999999 0.53789998125 0.11099150625000001 0.6025458312499999 0.12670818749999999 0.6689567578125 0.1913963265625 0.6901857921875 0.2378470359375 0.6724869124999999 0.23035804375 0.558641215625
2 0.3677477265625 0.5824191812499999 0.2717672578125 0.5959083578125 0.28188978593749997 0.6982132765625 0.367443246875 0.71650988125 0.4172944328125 0.6775875874999999 0.419476809375 0.6022778765625 0.3677477265625 0.5824191812499999
2 0.5290930781250001 0.6858124375 0.578718684375 0.6150056765625 0.5588289390625001 0.549181234375 0.41507816562500005 0.5709798968750001 0.43881954843750004 0.679349853125 0.5290930781250001 0.6858124375
2 0.67697173125 0.42087075937499996 0.6038246734375 0.3848724625 0.5539734859375 0.42379475937500005 0.56606975625 0.5098642015625 0.6480028078125 0.5478193234375001 0.716198565625 0.533447609375 0.734746125 0.4686043921875 0.67697173125 0.42087075937499996
2 0.11338816874999999 0.49848145468749994 0.167198134375 0.48772734062499995 0.20793060937500002 0.42934108593750003 0.1869468515625 0.3860117171875 0.124232453125 0.34854720625 0.0334119171875 0.3533321578125 0.0009127828124999999 0.3946032078125 0.039801246875 0.4593533609375 0.11338816874999999 0.49848145468749994
2 0.21032726875000002 0.3252767109375 0.1793676609375 0.3775020515625 0.2178162609375 0.4391224078125 0.313035440625 0.46563543437500005 0.3552002953125 0.4325808078125 0.370550365625 0.29956720468750003 0.21032726875000002 0.3252767109375
2 0.3938292921875 0.28352909843749996 0.372873775 0.3917975609375 0.4610664203125 0.42887295312499996 0.515643325 0.40843620156249993 0.5490052421875 0.2824660484375 0.5256078796875 0.25224235625 0.3938292921875 0.28352909843749996
2 0.627763396875 0.373529053125 0.6138963703125 0.21430128593750003 0.5518530671875 0.24217060468749999 0.5462532671875 0.24774502968749998 0.547048446875 0.38966022499999997 0.627763396875 0.373529053125
2 0.7474457125 0.2561728703125 0.6345417578125 0.20980395624999998 0.6297088984375 0.20569574531249998 0.6432488484375 0.37773594843749997 0.7474457125 0.2561728703125
2 0 0.47459349531250006 0.0354139 0.48869451406250003 0.05989962812500001 0.46610356875000003 0.00420611875 0.387757125 0.0376921234375 0.33836833906249997 0 0.31441121562499996 0 0.47459349531250006
2 0.013392437500000002 0.180606784375 0.0933517453125 0.2347973828125 0.14957531875000002 0.210937590625 0.1205634546875 0.048412542187500004 0.005417490625 0.064595253125 0.013392437500000002 0.180606784375
2 0.13406162500000002 0.055132864062499995 0.16274301093750002 0.153233696875 0.28452880468749997 0.1265429703125 0.2560879921875 0.029365810937499997 0.1764407796875 0.040559496875 0.13406162500000002 0.055132864062499995
2 0.268733221875 0.226107209375 0.3051854859375 0.1826847734375 0.28749506406249997 0.132509321875 0.167248796875 0.17015434375 0.178679625 0.221209521875 0.268733221875 0.226107209375
2 0.29490571718749997 0.0239103359375 0.29474153125 0.12351185468749999 0.3202310734375 0.1837618703125 0.3927126875 0.184745903125 0.42619869374999997 0.135357115625 0.41742759218750003 0.006691009374999999 0.29490571718749997 0.0239103359375
2 0.4650365953125 0 0.44794031875 0.002402725 0.459244834375 0.08283853125 0.5434786984375 0.09174574375 0.5839968875 0.0621141578125 0.5810174609375001 0 0.4650365953125 0
2 0.499018675 0.184167846875 0.5711675656249999 0.1676447484375 0.5709306890625 0.0751211515625 0.45386496718749997 0.08997785625 0.43828366875 0.160787428125 0.499018675 0.184167846875
2 0.616188834375 0 0.5808332859374999 0.175861171875 0.623550796875 0.161878575 0.7056698890625 0.019481196875000002 0.6345957 0 0.616188834375 0
2 0.260894734375 0.5942447734375 0.33161688749999996 0.582709615625 0.329417565625 0.567060625 0.25649044062500004 0.532627228125 0.22091225468750003 0.5519896921874999 0.260894734375 0.5942447734375
2 0.39211501718749997 0.5135664375 0.35204234218749997 0.5766473875 0.414091296875 0.579097634375 0.5058930546875 0.5358753796875 0.39211501718749997 0.5135664375