2 0.0901780671875 0.7403392859375 0.1727748703125 0.720825803125 0.1576839671875 0.629136540625 0.10878080625 0.613162396875 0.05302772343749999 0.65196435 0.0901780671875 0.7403392859375
2 0.264009253125 0.688353759375 0.14643557499999998 0.72987638125 0.13927413125000002 0.7905967 0.2185999375 0.8334975625000001 0.261591346875 0.8104183125000001 0.29719486562499997 0.70052390625 0.264009253125 0.688353759375
2 0.2777761796875 0.8053059734374999 0.337416109375 0.844194865625 0.4356154359375 0.792716053125 0.419044796875 0.7292618515625 0.317192265625 0.69859165 0.2777761796875 0.8053059734374999
2 0.4468230859375 0.73071765 0.4499311265625 0.8232690546875 0.5228778953125001 0.8360328578124999 0.5476224265625 0.819448015625 0.599837325 0.734266375 0.48615769374999995 0.701486203125 0.4468230859375 0.73071765
2 0.0466115453125 0.5845719078125 0.14496303593749998 0.606117803125 0.1392513828125 0.44935403906250004 0.11178461718749999 0.4419540171875 0.014245478124999999 0.5187997656250001 0.0466115453125 0.5845719078125
2 0.26604135156250003 0.49772266875 0.1961690796875 0.46425806875 0.14765172499999998 0.5168504671874999 0.1502553359375 0.5810628234374999 0.2063163453125 0.6123134671875 0.2524972734375 0.604302746875 0.26604135156250003 0.49772266875
2 0.3889408734375 0.5443972687499999 0.29766934843750004 0.53961393125 0.2886387640625 0.635999590625 0.3645414078125 0.668290090625 0.417687278125 0.6412725984375001 0.4332526609375 0.5720518875 0.3889408734375 0.5443972687499999
2 0.519695571875 0.6689706875 0.5783673874999999 0.6124400515625 0.5717954468750001 0.5480197203125 0.43481027968749997 0.5423307703125 0.43729527187499995 0.6467706234375 0.519695571875 0.6689706875
2 0.7042335796875 0.45065088906249995 0.642998890625 0.40422773125000006 0.58985301875 0.431245221875 0.5855695703125 0.51297829375 0.654585153125 0.5627895078125 0.7202961921875 0.561762865625 0.749127675 0.5051585000000001 0.7042335796875 0.45065088906249995
2 0.1685872921875 0.4210887203125 0.22033130625 0.420820234375 0.2685371390625 0.37417205937500003 0.2569065390625 0.3303485421875 0.2055926671875 0.284445309375 0.1206630390625 0.2725436484375 0.0831568328125 0.30485119374999997 0.1075083640625 0.37169345 0.1685872921875 0.4210887203125
2 0.28947270468749997 0.2784103140625 0.2514213328125 0.32112025 0.2759286265625 0.38499039375 0.3593006390625 0.426613171875 0.4042762125 0.4036379046875 0.4424090625 0.28344509375000004 0.28947270468749997 0.2784103140625
2 0.46684207187500004 0.272804475 0.427971153125 0.36911640625 0.5029392265625 0.4192395765625 0.557134690625 0.41015874218750004 0.6106735624999999 0.29971415 0.5944515906250001 0.26757110625 0.46684207187500004 0.272804475
2 0.667198259375 0.398045278125 0.68300088125 0.2483695796875 0.620557240625 0.262978696875 0.6143711078125 0.26712490624999996 0.5895822359375 0.3984480078125 0.667198259375 0.398045278125
2 0.7990912234375 0.3110788390625 0.7029203984375 0.2479233796875 0.6991857140625 0.24325724062499998 0.6807758796875001 0.4047174015625 0.7990912234375 0.3110788390625
2 0.098169853125 0.3980265125 0.1248985515625 0.3815456546875 0.08743668437499999 0.299114940625 0.12731645625000002 0.25948110468749996 0.0856118796875 0.2200420234375 0.06580738593749999 0.25625755 0.0332040796875 0.27094039375 0.0125057515625 0.28624715312500004 0.009624159375 0.34123122031249997 0.098169853125 0.3980265125
2 0.0264861671875 0 0.02527461875 0.1185308125 0.08689871406250001 0.1575236921875 0.14724316875000001 0.1070412640625 0.0876568625 0 0.0264861671875 0
2 0.146758496875 0 0.1331982625 0.109285478125 0.197466709375 0.1737492765625 0.2538020984375 0.161800315625 0.25626074375 0.0009943265625 0.254091815625 0 0.146758496875 0
2 0.3746564921875 0 0.2674647953125 0.01499274375 0.2763695640625 0.1108282171875 0.3939025015625 0.10804703281250001 0.3838325734375 0 0.3746564921875 0
2 0.36137347656249996 0.197240640625 0.402925890625 0.1636550125 0.3955751421875 0.1140952421875 0.2774970390625 0.1272788171875 0.278895296875 0.1765266328125 0.36137347656249996 0.197240640625
2 0.424920425 0 0.4039012015625 0.1070809046875 0.41665927500000005 0.1673550234375 0.4835756703125 0.1812929265625 0.5234554421875 0.1416590875 0.5406191828125 0.0039758203125 0.4797943359375 0 0.424920425 0
2 0.63986090625 0.1224273046875 0.68269655625 0.1023201640625 0.6951502984375 0.0165448671875 0.5679301875 0.014347954687500001 0.563490978125 0.0990531375 0.63986090625 0.1224273046875
2 0.5820829203125 0.1998667078125 0.6518401703125 0.19756198125 0.66826224375 0.11199465625 0.5572269640624999 0.10468540468750001 0.5300681218750001 0.16733798125 0.5820829203125 0.1998667078125
2 0.72541718125 0.0464436984375 0.6593095390625 0.206894259375 0.7013663796875 0.201647678125 0.8029924625 0.0847824078125 0.72541718125 0.0464436984375
2 0.2879042921875 0.536121890625 0.355443734375 0.5381713453125 0.35622254375 0.5233107875 0.294909975 0.478373684375 0.2584941015625 0.48987644531249996 0.2879042921875 0.536121890625
2 0.42388060781250003 0.4851327484375 0.37544113281249997 0.5362390890625 0.4324367109375 0.5496570640625 0.5251879734375 0.526205340625 0.42388060781250003 0.4851327484375