2 0.6621179046875 0.5320273624999999 0.666211790625 0.3330223875 0.5761462875000001 0.35167910468749997 0.5638646281249999 0.3703358203125 0.617085153125 0.5506840796875 0.6621179046875 0.5320273624999999
2 0.70305676875 0.556902984375 0.7385371171874999 0.535136815625 0.7617358078125 0.406094528125 0.679858078125 0.36567164218750003 0.6648471609375 0.5289179109375 0.70305676875 0.556902984375
2 0.8354257640625 0.488495025 0.8572598250000001 0.3734452734375 0.757641921875 0.36411691562500004 0.7385371171874999 0.38899253749999996 0.7753820953125 0.41075870625000005 0.746724890625 0.549129353125 0.8067685593749999 0.549129353125 0.8354257640625 0.488495025
2 0.9104803499999999 0.5335820890625 0.9282205234375001 0.4402985078125 0.9828056765625 0.39676616875000004 0.8777292578125 0.36722636875000003 0.8340611359375 0.40298507499999997 0.8299672484375 0.49626865625 0.8654475984375001 0.5724502484375 0.9104803499999999 0.5335820890625
2 1 0.4214450703125 0.9800764187500001 0.41542288593750004 0.9364082968749999 0.4449626859375 0.9186681218749999 0.527363184375 0.93504366875 0.5786691546875 0.9828056765625 0.577114428125 1 0.559192071875 1 0.4214450703125
2 1 0.3665600578125 0.98417030625 0.3407960203125 0.900927946875 0.36567164218750003 0.9773471609375 0.39832089531250003 1 0.37522911875 1 0.3665600578125
2 0.746724890625 0.336131840625 0.666211790625 0.32991293593750004 0.6825873359375 0.36722636875000003 0.7426310046875 0.378109453125 0.746724890625 0.336131840625
2 0.72079694375 0.2801616921875 0.641648471875 0.258395521875 0.6293668125 0.286380596875 0.7194323140625001 0.29570895468749997 0.72079694375 0.2801616921875
2 0.7194323140625001 0.3019278609375 0.7194323140625001 0.2801616921875 0.6457423578125 0.261504975 0.634825328125 0.28949005 0.666211790625 0.31125621875 0.7194323140625001 0.3019278609375
2 0.9063864625000001 0.2910447765625 0.8668122265625 0.32991293593750004 0.8954694328125001 0.36567164218750003 0.9828056765625 0.343905471875 0.9964519656249999 0.31592039843749997 0.9705240171874999 0.3065920390625 0.94868995625 0.261504975 0.8463427953125 0.24595771093750002 0.8395196500000001 0.272388059375 0.9063864625000001 0.2910447765625
2 0.7235262015624999 0.2708333328125 0.72079694375 0.28327114375 0.7180676859374999 0.29726368124999997 0.6621179046875 0.32524875625 0.7453602625 0.336131840625 0.7480895203125 0.36100746250000004 0.875 0.36722636875000003 0.8599890828125 0.3407960203125 0.8941048031250001 0.28949005 0.8299672484375 0.2754975125 0.795851528125 0.24595771093750002 0.7235262015624999 0.2708333328125
3 0.035762223437500004 0 0.0316593890625 0.040733831250000005 0.015283842187499999 0.045398009375 0.034388646875 0.21486318437500002 0.1135371171875 0.258395521875 0.3141375546875 0.28327114375 0.44650654999999995 0.2599502484375 0.47243449843749996 0.24284825937500001 0.4819869 0.07338308437499999 0.4819869 0 0.035762223437500004 0