2 0.6747065546875 0.5233662796874999 0.6887952171875 0.33060273125 0.6003875109375 0.3441102828125 0.5875130875 0.36157636718749997 0.6300286421875 0.5391656125 0.6747065546875 0.5233662796874999
2 0.7131967609375 0.549571203125 0.748756675 0.5302705484375 0.777841940625 0.40632095156250003 0.7003874703124999 0.3629566609375 0.6775148640624999 0.5204899875 0.7131967609375 0.549571203125
2 0.84521228125 0.4899735640625 0.8722613171875 0.37952285625000004 0.7759997656250001 0.36540760156249996 0.7561835765625 0.388556815625 0.7908563656250001 0.4115382109375 0.755996459375 0.5442555718750001 0.8143028546875 0.5473112812500001 0.84521228125 0.4899735640625
2 0.915803996875 0.5375133937500001 0.9377714625 0.44796064375 0.9929895453125 0.408525959375 0.8924545359374999 0.3745342046875 0.8482326640625001 0.40698650625 0.8395166515625 0.49723373593750003 0.8700989625 0.5729114359375 0.915803996875 0.5375133937500001
2 1 0.4302966796875 0.9893911390625 0.4264781765625 0.9454853078125 0.4529001078125 0.9240709078125 0.531899709375 0.9373653359375 0.58248365 0.9838244328125001 0.583406734375 0.99696028125 0.571094246875 1 0.5130929562500001 1 0.4302966796875
2 1 0.3595320171875 0.9971590359375 0.3543220625 0.9150610171875 0.37420722500000003 0.98760995625 0.40975575937500003 1 0.39839881718750003 1 0.3595320171875
2 0.7668207734375 0.3377153453125 0.6889532375 0.3275875453125 0.7029587515625 0.3646031515625 0.7607120796875 0.378212009375 0.7668207734375 0.3377153453125
2 0.7444873578125 0.2821224890625 0.6687350624999999 0.256988209375 0.6553865812499999 0.2834998515625 0.7423721171875 0.2971289703125 0.7444873578125 0.2821224890625
2 0.742056078125 0.30315934375000003 0.7431622124999999 0.28205304062500003 0.6725524796875 0.260211740625 0.6605291453125 0.286792828125 0.6899013515625 0.30949643125000004 0.742056078125 0.30315934375000003
2 1 0.3264832109375 0.98564579375 0.3204605390625 0.966734746875 0.2756291796875 0.8681389421875 0.25534465625 0.860170053125 0.2806264953125 0.9241540593750001 0.3021205578125 0.8837496046875 0.337796390625 0.9097604359375 0.37392943437500004 0.9956758718750001 0.35726779999999997 1 0.349475628125 1 0.3264832109375
2 0.7476117062500001 0.273215828125 0.7443293390625 0.2851376765625 0.7409679609375 0.298567115625 0.6852148312499999 0.3228564234375 0.7654956296875 0.337645896875 0.766881765625 0.361906278125 0.8898042453125001 0.3743953078125 0.876570809375 0.3480023015625 0.9123067609375 0.299987934375 0.8507360140625 0.2831555453125 0.8191085640625 0.2527750828125 0.7476117062500001 0.273215828125
3 0.089749584375 0 0.0874564359375 0.01488198125 0.0713176625 0.0185713859375 0.08125765 0.18387128125000002 0.15590381250000002 0.2301118625 0.34943602500000004 0.2644421953125 0.47916026718750004 0.24856474999999997 0.505207134375 0.2333007390625 0.5230951984375001 0.0694592484375 0.5266980359375 0.0007130125 0.513092946875 0 0.089749584375 0