1 0.69810993125 0.6720103187500001 0.6647144359375 0.670184171875 0.618114715625 0.6887198453125001 0.5940493921875001 0.7060745390625 0.57975260625 0.72828178125 0.5400175609375 0.7643393390625 0.5284666453125 0.7935553359374999 0.5322338484375 0.88813064375 0.60085836875 0.972154265625 0.7255552421875 0.8779991 0.7274088515625 0.7545185765625 0.71720864375 0.69604370625 0.69810993125 0.6720103187500001
1 0.7251881078125 0.8029154140625 0.7334257187500001 0.823941678125 0.7480317953125 0.8303288656250001 0.77827198125 0.862719178125 0.8438191125 0.8199443703125 0.8491884734375 0.8089339843750001 0.8668853296875 0.8062183671875 0.8805568375 0.794772884375 0.8881180203125 0.712121034375 0.8861843437499999 0.6979170531250001 0.8197093343749999 0.654908575 0.8067343359375 0.5661803203125 0.7782698359375 0.5676720828125 0.7831006828125 0.6371573390624999 0.7543847312499999 0.656543928125 0.7378738968749999 0.6591973890625 0.7302259515625 0.6721153546874999 0.739117759375 0.7056244875 0.7385859390625 0.7181695125 0.73402876875 0.7219846750000001 0.7387083171875 0.7431974078125 0.731498734375 0.74178708125 0.7272219375 0.75095204375 0.7251881078125 0.8029154140625
1 0.6163625203125 0.6897727953125 0.6374406765625 0.6795998437499999 0.63680874375 0.6675418671875 0.6002504109375 0.631673203125 0.583619196875 0.621209409375 0.574809909375 0.6065572515625 0.5624771109375 0.610982040625 0.555934109375 0.6203932578125 0.537441021875 0.631942125 0.529051153125 0.644472890625 0.5155306703125 0.6550054796875 0.5080369828125 0.6750462046875 0.5022321546875 0.688952884375 0.4838575546875 0.7027626234375 0.4652002390625 0.722840821875 0.46720851874999997 0.7399084 0.4473820359375 0.764373934375 0.46712395156250003 0.79583406875 0.47642222187499994 0.8006366109374999 0.4960061546875 0.8290822453125 0.5234514796874999 0.8540931468749999 0.5283328734375 0.8417462515624999 0.5289308875 0.7956176828125 0.532837134375 0.7742535578124999 0.55578938125 0.7518913140625 0.59337080625 0.7113814328125 0.6163625203125 0.6897727953125
1 0.73008579375 0.6707594359375 0.73894745625 0.6576612 0.75300996875 0.65634995 0.760969128125 0.6478931390625 0.783161615625 0.6340962640625001 0.780961328125 0.5848248734375 0.714191109375 0.551393284375 0.674608065625 0.5668537765624999 0.6610650921875 0.585365728125 0.6371461921875 0.62452068125 0.6186217484375 0.6427194328125 0.632040453125 0.6655610234375 0.6442171390625 0.67927946875 0.6654170453125 0.668405940625 0.699324571875 0.674094346875 0.7146683984375 0.689943871875 0.7243311625 0.6848433578125 0.73008579375 0.6707594359375
1 0.56241449375 0.5965422609375 0.55774755 0.6139908125 0.5681189578125 0.6042158765625001 0.5812415953125 0.6203125078125 0.597653225 0.629942646875 0.6159978703125 0.6445067843750001 0.6698349015625 0.569512521875 0.71012485625 0.5501970468749999 0.6461397921875001 0.5220796734375 0.5978804953125 0.536439246875 0.56241449375 0.5965422609375
1 0.8373888109375001 0.4172338421875 0.7668847265625 0.3978503015625 0.7346149640624999 0.4104513234375 0.6849139375 0.49109464062499997 0.6863461562500001 0.538444109375 0.7606352875 0.5714764046874999 0.8343233546875 0.534465434375 0.8373888109375001 0.4172338421875
1 0.6576207703125 0.4056775484375 0.626402115625 0.45430987500000003 0.62878418125 0.51041266875 0.647187834375 0.520777621875 0.6812052375000001 0.5361988125 0.6858706359375 0.534695490625 0.6846811500000001 0.4906988640625 0.7311287359375 0.4131546046875 0.7403869359375 0.403437996875 0.7478573046875 0.4022072828125 0.698567271875 0.392196890625 0.6576207703125 0.4056775484375
1 0.6640149765625 0.39988751875 0.6923294828125 0.391689875 0.6907906921875 0.382786225 0.645349721875 0.3685558265625 0.6117693640625 0.3774490515625 0.58997756875 0.4142578921875 0.5744264671875 0.4423474859375 0.58359538125 0.446902265625 0.612112496875 0.46387054687499996 0.6166296140624999 0.48083779531250004 0.6263770546874999 0.4857818640625 0.6274056828125001 0.45215922812500003 0.651929875 0.40891305781250004 0.6640149765625 0.39988751875
1 0.5512003015625 0.6195475421875 0.55759210625 0.5987175812500001 0.5613670890625 0.5840526875000001 0.509017790625 0.5490211031250001 0.44075000937500003 0.6233266875 0.41437934218750005 0.6643971390625001 0.4039028203125 0.7209010859375 0.41590188437500003 0.7407672437499999 0.422684765625 0.7375987328125 0.44366849999999997 0.760610765625 0.4626989359375 0.74635196875 0.46555479999999994 0.7345482796875 0.465556296875 0.7192774187500001 0.5029936171875 0.683960809375 0.515116653125 0.6551950843750001 0.53047861875 0.6423341015624999 0.5447469593750001 0.6239043859375 0.5512003015625 0.6195475421875
1 0.45694505 0.5549650203125001 0.44722378906250004 0.55306330625 0.4337710515625 0.5513571625 0.42342471562500006 0.5579273265625 0.3924407390625 0.588887103125 0.36092287343749996 0.63573485625 0.36242140312500004 0.6535527937500001 0.3507698984375 0.6658174390625 0.3655538375 0.6827246140625001 0.366576475 0.6971380765624999 0.40248465624999996 0.7346387359375 0.4092675234375 0.731470225 0.4035522796875 0.7193120015625001 0.41196632031249997 0.6758717484375001 0.415208234375 0.661234790625 0.441795146875 0.6228700609375 0.4868229265625 0.5742960421875 0.45694505 0.5549650203125001
1 0.63981235625 0.367361778125 0.62508341875 0.361703884375 0.6281848375 0.349485465625 0.6258570140625 0.34076648593750003 0.616276265625 0.3364462375 0.6065694984375 0.32972142031249996 0.5993668828125001 0.3248803484375 0.5939441859375 0.3336036546875 0.5860871828125 0.34687502812500004 0.579457834375 0.35807275 0.5690050171875 0.3608229796875 0.554274284375 0.3875172796875 0.5286355031250001 0.4133745828125 0.5261236671875 0.4215434671875 0.52734184375 0.44478766406250003 0.536129490625 0.45437368749999996 0.544700596875 0.45472822187500006 0.5650347484375 0.4500457921875 0.570814496875 0.4481354421875 0.5765747125 0.4305534609375 0.5948700703124999 0.402267984375 0.609475928125 0.374979584375 0.63981235625 0.367361778125
1 0.5831697796875 0.3422055734375 0.56481440625 0.3387470453125 0.5478547109374999 0.3364209640625 0.5339174046874999 0.3407681515625 0.4989839375 0.3779628546875 0.4990034453125 0.39363448125 0.4864928046875 0.39733655625000003 0.48799503906249997 0.42836972656250005 0.52541340625 0.443688803125 0.52524036875 0.4199879796875 0.5300039625 0.40888803906250004 0.5384215640625001 0.40121336406249997 0.554597634375 0.383487384375 0.5660115796875 0.3615904734375 0.5709077312499999 0.358118978125 0.5783641796875 0.3525039921875 0.5880304093750001 0.3431564234375 0.5831697796875 0.3422055734375
1 0.4539542390625 0.44179998437499995 0.40173654062499997 0.4959750203125 0.40193058125 0.5200766078125 0.41294251718749997 0.5211069515625 0.4299797109375 0.51981220625 0.4441400421875 0.5299203859375 0.4579383359375 0.512720871875 0.49806346718750005 0.46239449375 0.5329309890625 0.454539215625 0.5166383765625 0.444542784375 0.4898668984375 0.4334880765625 0.4539542390625 0.44179998437499995
1 0.4431564453125 0.5468501734375 0.4099121171875 0.52448066875 0.376146259375 0.5278577046875 0.3644237515625 0.5489670484375 0.3324156390625 0.5807842375 0.32737899062500003 0.5866742687500001 0.3224363984375 0.63515683125 0.335726125 0.6541515999999999 0.350503553125 0.6658348953125001 0.3611874203125 0.65040606875 0.3609578703125 0.6307268234375 0.4111983171875 0.5694218828125 0.432845603125 0.548997975 0.4431564453125 0.5468501734375
1 0.5790559265625 0.44729955468749993 0.572497596875 0.4496525828125 0.54780040625 0.4577785703125 0.5359258640625 0.45558785312500005 0.4997677078125 0.4643144859375 0.4473239734375 0.53457586875 0.4449381578125 0.545149340625 0.4505208984375 0.5496791078125 0.48833181249999996 0.567388796875 0.5137605640625 0.537523875 0.531879890625 0.5160792875 0.55200398125 0.5073892375 0.5668959 0.49575849375000003 0.5860718890625 0.49957587812500004 0.6157427046875 0.48435756874999997 0.609403884375 0.4654003609375 0.5790559265625 0.44729955468749993
1 0.31390024375 0.556942040625 0.3041270296875 0.55559744375 0.299084790625 0.5603710484375 0.297476121875 0.5593891328125 0.2662564640625 0.5971053000000001 0.25930672499999996 0.6025093781249999 0.26144365468749997 0.623087359375 0.2629227421875 0.647943909375 0.29068478125 0.67274930625 0.3250123125 0.6444246687499999 0.321587446875 0.6329329046875001 0.326290328125 0.5947548234375 0.3285602515625 0.5808425515625 0.31899595937499997 0.5733861124999999 0.318969221875 0.5627772703125 0.31390024375 0.556942040625
1 0.2633207328125 0.5545529359375 0.2622589 0.5713197109375 0.26010319375 0.6008760984375 0.2963903765625 0.559451228125 0.294455140625 0.55955265 0.29110388125000003 0.5528316281250001 0.287766475 0.5463751343750001 0.283636896875 0.545000015625 0.2790392734375 0.5481587828125 0.2711614859375 0.5450130343749999 0.2633207328125 0.5545529359375
1 0.37759428437500003 0.526813121875 0.40428982187500007 0.5211699734375 0.4013382703125 0.4985126390625 0.40310285625000003 0.4917887625 0.40346955937500006 0.48195507031249996 0.3979143734375 0.4769410859375 0.38894192968749997 0.4774113125 0.3825840171875 0.4907420625 0.3744912234375 0.4911661875 0.3664036953125 0.48495863593750005 0.35069043125 0.48472110781250005 0.345712240625 0.4974490359375 0.338137659375 0.5010290765625001 0.32981348593750004 0.5004043031250001 0.322516171875 0.5092749328124999 0.3176680203125 0.517751946875 0.3071165 0.52175325625 0.3031064046875 0.5293905828125001 0.299763459375 0.518210278125 0.29303776406250004 0.5190427640624999 0.2960896796875 0.5570796828125 0.298987746875 0.5585193421875 0.30521989843749997 0.5528876078125 0.312488496875 0.5535676953124999 0.31858534375 0.558818553125 0.32132464843749997 0.5740598421875001 0.3301713515625 0.581288625 0.35379914375 0.557503590625 0.3649392 0.5479010546875 0.3717555734375 0.53322 0.37759428437500003 0.526813121875