1 0.7124048171874999 0.6677993265625 0.681597703125 0.6682677875 0.6399642234375 0.6882935328124999 0.6189635390625 0.7057858890625 0.607251678125 0.7271089859375001 0.573052309375 0.7627928234375 0.56431409375 0.7903791578125 0.5738516359375 0.8770337859374999 0.6423139265625 0.9498250125000001 0.7508593203125 0.8552999765625 0.7446303109375 0.7417256937500001 0.731500071875 0.6886539625 0.7124048171874999 0.6677993265625
1 0.7456985234375 0.786335925 0.754619459375 0.8051256328124999 0.7684524734375 0.81005550625 0.798323371875 0.837872503125 0.8558120171875 0.7943578375 0.8600390421874999 0.78389629375 0.8761276515624999 0.780263771875 0.887956234375 0.7688688734375 0.8895952218750001 0.6924415578125 0.8869057421875001 0.6795150765625 0.8230536421875 0.6442708265625 0.805429934375 0.5635803187499999 0.779367453125 0.5667803890625 0.7882706671874999 0.630313665625 0.7631266796875 0.6499718453125001 0.7481240078125 0.6534710296874999 0.7419255515625001 0.6658317234375 0.7522495890625 0.6960487734374999 0.7525667546875 0.70760945 0.7486238921874999 0.71140775 0.75428701875 0.7305974671875 0.7475709562499999 0.7297650078125 0.744229425 0.7384607390625 0.7456985234375 0.786335925
1 0.6384216328125001 0.689373609375 0.6571385265624999 0.67867189375 0.6557831859375 0.66763351875 0.61988258125 0.637026646875 0.6039266265625 0.628481303125 0.594889803125 0.6155849296875 0.5838404578125 0.6204431031250001 0.5784321484375 0.6295107484375 0.562179271875 0.641310521875 0.5552741296875 0.6533631359375 0.5435256890625 0.6639095515625 0.5379265625 0.68280479375 0.5334854109375 0.6959554703124999 0.5174866609375 0.7098249421875 0.5016307890625 0.72947210625 0.5045727875 0.7450248968750001 0.4879243171875 0.7687783328125 0.5080877593750001 0.7964154015625 0.516941203125 0.8002304203125 0.5367658078125 0.8251078906249999 0.56359423125 0.8463242359375001 0.5672869671874999 0.8346660546875 0.564873209375 0.7922442265625 0.5670905312500001 0.772363596875 0.5867466359375 0.7503417906250001 0.61868085 0.7107055296875 0.6384216328125001 0.689373609375
1 0.7417096453124999 0.6645949015625 0.749011903125 0.651990565625 0.7618508375 0.6498819734375 0.768621878125 0.64160023125 0.78813001875 0.6274972015625 0.782942784375 0.582367565625 0.719434615625 0.5559416328125 0.6840517703125 0.5726909078125 0.6727952593750001 0.5905702875000001 0.65332959375 0.6280835328125 0.637475090625 0.6459953015625 0.65127396875 0.666119959375 0.66334538125 0.6779420046875 0.6821291546875 0.666588771875 0.7136549265625 0.6696360859375 0.7287737796875 0.683212634375 0.737326009375 0.6779052015625 0.7417096453124999 0.6645949015625
1 0.5828552953125 0.6071797140624999 0.5796873687499999 0.623511565625 0.5885905421875 0.61386368125 0.601684040625 0.62781003125 0.6173846484375 0.63560351875 0.63517861875 0.6478061765625001 0.6798361234375 0.5754405640625 0.7156209609374999 0.5551038593750001 0.65501368125 0.533381678125 0.61158680625 0.5496770453125001 0.5828552953125 0.6071797140624999
1 0.82403240625 0.4247566171875 0.757995340625 0.4114781484375 0.7291495640625001 0.4251300859375 0.6886558625 0.5024202875 0.6930137921874999 0.5458334078125 0.76340604375 0.5714092187500001 0.8287463203125001 0.5326672046875001 0.82403240625 0.4247566171875
1 0.6580867546875 0.42569234375000004 0.6325215859375 0.47238265156250003 0.6383147265625 0.52377736875 0.6558931671875 0.53211798125 0.6881451515625 0.544100815625 0.6923359859375 0.5424197000000001 0.6884165109375 0.502071603125 0.7261194484375 0.4278379515625 0.734003353125 0.41831520468749994 0.7407894109375001 0.4167042890625 0.694849775 0.4106745296875 0.6580867546875 0.42569234375000004
1 0.6635909484375 0.4199614453125 0.6890847984375 0.41060958437500006 0.6870987078125 0.40252771718749997 0.6444251875 0.3923731953125 0.6141368078125 0.402702603125 0.59647519375 0.4379235046875 0.5839885265625 0.4647319828125 0.592707178125 0.4683276703125 0.6200038906249999 0.482085490625 0.6252450171875 0.4973848546875 0.63452033125 0.5013010437500001 0.6333056874999999 0.470342115625 0.6530647828125 0.4290309171875 0.6635909484375 0.4199614453125
1 0.57402754375 0.6290379390624999 0.5785633609375 0.60948835625 0.5810904156250001 0.5957714843749999 0.530732003125 0.5669486218750001 0.4727686828125 0.639608940625 0.45117294531249996 0.679039740625 0.445175065625 0.7316294671875 0.45747817812499997 0.7491115078125 0.463507965625 0.7457643093749999 0.48426990312499996 0.7655593656249999 0.5008425078125 0.7512351453125 0.5027087156250001 0.7402062500000001 0.501729084375 0.72617513125 0.5338644890625 0.6913197624999999 0.5431573968750001 0.664110371875 0.5564485453125 0.6513062515625 0.5683769359374999 0.6334558109375 0.57402754375 0.6290379390624999
1 0.48326002187499995 0.5757566875 0.47420421093750004 0.5746341640625 0.46173180625 0.5739311546875 0.45264579843749997 0.5806328515625 0.42616100625 0.611070359375 0.40020622968749997 0.6561402140625 0.40272797968749996 0.672415203125 0.3928083625 0.68443293125 0.407480634375 0.6990172453125 0.40934634531249997 0.712194753125 0.4447543109375 0.744342903125 0.4507840859375 0.74099570625 0.444750840625 0.730191928125 0.449692559375 0.6897378109375001 0.451731528125 0.67608086875 0.47369980937499995 0.6391222171875001 0.5119590359374999 0.5915979640625 0.48326002187499995 0.5757566875
1 0.6392597531249999 0.39163197968749996 0.6253606859375 0.387380084375 0.627425909375 0.37595435 0.6247265765625001 0.368092871875 0.6156445234375 0.36473914375 0.6062921921875 0.359184171875 0.5993621359375 0.3551990625 0.594939175 0.3635626421875 0.588571303125 0.37626148593750003 0.5831984109375 0.3869761359375 0.573769153125 0.39017488125 0.561946753125 0.41564862500000005 0.540046303125 0.441054390625 0.5382627484375 0.44872148125000005 0.5408754453125 0.4700001921875 0.54956693125 0.47824314062499995 0.5574663828124999 0.478018021875 0.5758522640625 0.4724088734375 0.5810410171875 0.47028215937500006 0.58520506875 0.45375744375 0.6002010703125 0.4265926140625 0.611870546875 0.4005810328125 0.6392597531249999 0.39163197968749996
1 0.5855903 0.3721586453125 0.568499896875 0.3701606234375 0.5527648453125 0.36911340312499996 0.5402360015625 0.3740033984375 0.5105222390625 0.4104234546875 0.511546915625 0.42482144999999993 0.5002877078125 0.42902701875 0.503661815625 0.45744405937500004 0.539032659375 0.4691144890625 0.537351090625 0.4473490546875 0.5410156734375 0.4368441578125 0.5482582578125 0.4292515859375 0.5619850234375 0.4119251359375 0.5710675468749999 0.391072453125 0.5753440046875 0.3875681296875 0.581835621875 0.3819297953125 0.5901182046875 0.37271990312500003 0.5855903 0.3721586453125
1 0.473241759375 0.47197173281250004 0.42873495312500004 0.52510435625 0.4304615671875 0.5472366656250001 0.440647509375 0.547475615625 0.45622117968750003 0.545191 0.46988359687500003 0.553568409375 0.4814590515625 0.5368785 0.5151002671875 0.48805925781250004 0.5466382046875 0.4786007984375 0.5310234406250001 0.47046310937499997 0.5057108218749999 0.46202654687500005 0.473241759375 0.47197173281250004
1 0.47006726875 0.569186884375 0.4380793609375 0.5507701843749999 0.4072661484375 0.5560431859375 0.39784946875 0.5761920734375 0.3704785953125 0.6074832015625 0.36622839375 0.6132187296875 0.3648007875 0.6580826609375 0.37823401562500003 0.6746811109374999 0.39256471875 0.6844660874999999 0.40139182812499996 0.66960326875 0.399916671875 0.651536534375 0.44214839531249994 0.5919799625 0.4607297828125 0.5718229890625001 0.47006726875 0.569186884375
1 0.5885610296875 0.46898445781250003 0.582685215625 0.47156794843750005 0.560511003125 0.4806214875 0.5494578 0.479371815625 0.516789771875 0.4897138328125 0.47310863750000004 0.55764128125 0.4715953640625 0.5675096328125 0.4770167859375 0.571312821875 0.512901946875 0.5851545390624999 0.5343519296875 0.5560800328125 0.5496256234375 0.5352119937500001 0.5675610125 0.525934103125 0.5804992296875 0.5142905484375 0.5983668140625 0.5165655515625 0.6246560765625 0.500675859375 0.61761300625 0.4836651859375 0.5885610296875 0.46898445781250003
1 0.35193167812500004 0.5867667437499999 0.3428639140625 0.5861594421875 0.33853685312500004 0.5908695453125 0.33699543906249996 0.590070740625 0.31072809375 0.6267312375 0.30468858125 0.632143221875 0.307974315625 0.6509131375 0.3109303609375 0.6736565234375 0.3380366359375 0.6946636953125 0.367763371875 0.6664324890625 0.3638777515625 0.6560938546874999 0.3657470296875 0.62071319375 0.366939315625 0.6077845703125 0.3576709171875 0.60154821875 0.356964828125 0.5918024265625 0.35193167812500004 0.5867667437499999
1 0.3052966328125 0.587822375 0.305397934375 0.603296103125 0.305315596875 0.63059135625 0.33600165 0.5901975765625 0.334229721875 0.5904151421875 0.33071821875 0.584455184375 0.327236440625 0.578737390625 0.323353103125 0.5777393281250001 0.3193308984375 0.5809371265625 0.3118892828125 0.5785530875 0.3052966328125 0.587822375
1 0.40852975 0.554990346875 0.43269990312499995 0.5480896328125 0.42853196718750003 0.5274615421875 0.42972164375000005 0.521170165625 0.429426915625 0.512111303125 0.42399971093750005 0.5078614359375 0.41578441875000005 0.508870146875 0.41079799687499996 0.5215272 0.40338812500000004 0.5224370171875 0.395557071875 0.5172532453125 0.381101634375 0.5180449015625 0.3773444203125 0.5300593984375 0.3706135140625 0.5338355984375001 0.362923628125 0.5337965484375 0.35678739375 0.542415975 0.352876603125 0.5505163343749999 0.3434370125 0.5548709265625 0.34024243906249996 0.5621459093750001 0.3364521125 0.5520881859375 0.33032480937500003 0.5532853453125 0.33557296718749996 0.588037903125 0.3383287171875 0.589174415625 0.34369415625 0.5835993796875 0.35041754375 0.5837570953125 0.3563577421875 0.5881897875 0.35985421562500003 0.6020175828125 0.368448540625 0.6080908796875 0.3886340546875 0.58471838125 0.3982546765625 0.5751795000000001 0.403575671875 0.56125230625 0.40852975 0.554990346875