1 0.1412758046875 0.844168609375 0.15511455937500002 0.9192357765624999 0.24253455468750001 0.9572330484375 0.28735240625 0.917604659375 0.2656158734375 0.797746971875 0.22580444531250002 0.7923174390625001 0.1412758046875 0.844168609375
1 0.44215792499999995 0.743325490625 0.4490420125 0.7874915703124999 0.5402110484375 0.8023386171875 0.5766437328125 0.7629839828125 0.5646079687500001 0.6964339296875 0.48519114375 0.6867433125 0.44215792499999995 0.743325490625
1 0.661956921875 0.7531616640625 0.6551424609375001 0.7025578328125001 0.645022978125 0.6947039546875 0.6419518515625 0.6619133171875 0.6028968156250001 0.653940859375 0.5679759609375 0.6950368765625 0.5687488078125 0.6977117515625 0.5783625421874999 0.7590665796875 0.6462331875 0.7647692140625 0.661956921875 0.7531616640625
1 0.18450525 0.7357464265625 0.192250171875 0.7677129484375 0.256975309375 0.7811988828125 0.2503640234375 0.7522452078125 0.23923085156249999 0.7437668875 0.22698430468750003 0.71018456875 0.18450525 0.7357464265625
1 0.435510875 0.7244179296875 0.3985344859375 0.71969328125 0.41217957343749995 0.7048379234375 0.38968979375 0.688322271875 0.35363720781249997 0.7127509671875 0.3613337109375 0.7222368578125 0.37550129375 0.7803791671875 0.4297103953125 0.7957193625000001 0.4479431921875 0.7812598453125 0.435510875 0.7244179296875
1 0.410805096875 0.7038755046875 0.43163208906249995 0.692171296875 0.46517181093750004 0.697903515625 0.51603603125 0.6720679046875 0.5082911125 0.6401013843750001 0.4399049171875 0.634891246875 0.389657834375 0.6710594390625 0.391976371875 0.67908405625 0.3927327640625 0.6765411296875 0.3969229703125 0.6934723453125 0.410805096875 0.7038755046875
1 0.3883162671875 0.6805326171875 0.3879051609375 0.6713684828125001 0.4412968015625 0.6342442265625 0.39490415 0.630778328125 0.3361693578125 0.66322243125 0.341372303125 0.687605328125 0.3643292125 0.68114785 0.3788990546875 0.6886186000000001 0.3883162671875 0.6805326171875
1 0.3890106375 0.6298095499999999 0.327943703125 0.628529528125 0.3291450640625 0.6387590984375 0.3345220765625 0.6470476078125 0.336204171875 0.6600035546874999 0.3806583828125 0.6405189015625 0.3890106375 0.6298095499999999
1 0.5335991796874999 0.5308233 0.5315398421875 0.5123115796875 0.4853009984375 0.51484244375 0.48579628750000003 0.5364410937499999 0.45111817812500005 0.561832209375 0.45929256093750004 0.5945261890625 0.503537890625 0.5943547984374999 0.499193875 0.5714268203125 0.5335991796874999 0.5308233
1 0.5750974578125 0.515072596875 0.533068128125 0.5192707624999999 0.53581518125 0.5348500734375 0.499623340625 0.5721542796875 0.5047063390625001 0.5941487703125 0.546305253125 0.59605038125 0.546531540625 0.5751276812499999 0.5798361234375 0.541946909375 0.5750974578125 0.515072596875
1 0.45060262812499996 0.56232470625 0.4854529046875 0.5344936796875001 0.48401070312499994 0.5263145406249999 0.4457101546875 0.5294536296875 0.3804444546875 0.572687525 0.3856812625 0.6006787796874999 0.4467143328125 0.598350440625 0.4565784203125 0.5893824734375 0.45060262812499996 0.56232470625
1 0.4344057671875 0.516587984375 0.431126709375 0.49628337031249997 0.38744915 0.49113395000000004 0.3780841546875 0.4943916203125 0.37822055468750004 0.5019978218750001 0.3575831359375 0.5096526796874999 0.36024505625000003 0.5196247109375001 0.35671945312500003 0.5423339453125 0.3585582078125 0.540804946875 0.3737819 0.5417349296875 0.4344057671875 0.516587984375
1 0.5524926906250001 0.6144650546875 0.509784428125 0.644763496875 0.480794490625 0.6684071546875 0.5657686953125001 0.693135228125 0.61098475 0.6308902828125 0.5524926906250001 0.6144650546875
1 0.572811171875 0.55290383125 0.5713484359375001 0.5637514359375 0.5463584359375 0.5774238234375 0.550636475 0.6039379281249999 0.578490184375 0.605380378125 0.58962791875 0.584090321875 0.586256603125 0.5537099453125001 0.572811171875 0.55290383125
1 0.4081748671875 0.5613703734375 0.44575728750000004 0.5291371703125 0.4816104078125 0.5259057265625 0.47663917187499993 0.5039719796875 0.43554018125000005 0.5131319640625 0.43493514375000003 0.51721205625 0.3663367796875 0.5425524937499999 0.36704746875 0.548460875 0.3869552734375 0.562463021875 0.4081748671875 0.5613703734375