1 0.12549564375 0.739598234375 0.1128979453125 0.8144375046875 0.18159543125 0.8796546515625 0.2369073203125 0.8578646953125 0.25735727656249996 0.7384930625 0.222035671875 0.7198873031249999 0.12549564375 0.739598234375
1 0.4406731125 0.7476584875000001 0.4320867578125 0.7912628546875 0.5121536546875001 0.8361251875000001 0.55954424375 0.811740659375 0.570929990625 0.745471796875 0.5000819421875 0.7094219953125 0.4406731125 0.7476584875000001
1 0.64252999375 0.8315638953125 0.6533697140625 0.7819684140625001 0.646592084375 0.7711906734375 0.6548713390625001 0.7395104859375 0.621120296875 0.71878599375 0.5745491828125 0.745311403125 0.5743614375 0.7480732437500001 0.562480521875 0.80866490625 0.62390488125 0.8370638937500001 0.64252999375 0.8315638953125
1 0.2027094578125 0.6529944265625 0.19907371093749998 0.6854933890625 0.2549157296875 0.7200950578125 0.25858566875 0.6907963453125 0.25107394375 0.6790906062500001 0.2510563 0.6435517843749999 0.2027094578125 0.6529944265625
1 0.44089472343749997 0.7277336796875 0.407980253125 0.7107501984375 0.425768796875 0.7015091921875001 0.4103868421875 0.6784337781249999 0.368424825 0.6890022375 0.3723856390625 0.70048113125 0.365848134375 0.759619315625 0.41124225625 0.7923787375 0.43317924531249996 0.785067046875 0.44089472343749997 0.7277336796875
1 0.4248127609375 0.700142784375 0.4482350421875 0.6962872109375 0.4775986 0.71304385 0.53386674375 0.70619578125 0.5375024890625 0.6736968171875 0.47542941250000004 0.6455827203125 0.416225096875 0.6622942828125 0.415661865625 0.6705797984374999 0.417232425 0.6684610656250001 0.4153889609375 0.6857042296875 0.4248127609375 0.700142784375
1 0.4117524515625 0.6706890203125 0.41448377968749994 0.661987240625 0.476948790625 0.64545135 0.4348155796875 0.6264430765625 0.3689532078125 0.6367900328125 0.36552219531249996 0.6613395453125 0.3891494265625 0.6631099984375 0.40021206718749996 0.6750425796874999 0.4117524515625 0.6706890203125
1 0.42964281406250004 0.6235345890625 0.37306691875000003 0.601580403125 0.37071118593749997 0.61154624375 0.3729135859375 0.6211179718750001 0.37007989218750004 0.633794478125 0.4182049046875 0.6307011640625 0.42964281406250004 0.6235345890625
1 0.598276165625 0.580201390625 0.602646225 0.5622059046875 0.5586181515625 0.5488526796875 0.5517385921875 0.5692006187499999 0.510732609375 0.5811354843750001 0.507250521875 0.614460096875 0.548615440625 0.6293401249999999 0.5523537703125 0.6064419109375 0.598276165625 0.580201390625
1 0.6423723031249999 0.5795918999999999 0.601707396875 0.569227359375 0.5989761765625 0.5847168765624999 0.552507428125 0.6072675609375 0.5497763171875001 0.62954481875 0.5879659187499999 0.6454620609374999 0.5952893578125 0.62599094375 0.6376609484375 0.6063113203125 0.6423723031249999 0.5795918999999999
1 0.510083890625 0.581420375 0.5520799953125 0.5672644296875 0.553513884375 0.559132434375 0.5166901109375 0.5490459078125001 0.4410628640625 0.56725371875 0.43643688750000004 0.5951860234375 0.494207746875 0.6137574156250001 0.506465134375 0.608731725 0.510083890625 0.581420375
1 0.5105099078124999 0.5331828984375 0.5143507140625 0.5130977 0.47532453906249994 0.4934394484375 0.465474178125 0.49329967343750003 0.46301597031249997 0.5004525015625 0.4411471515625 0.5005892140625 0.44024251718749996 0.510810921875 0.42923160625 0.5308296703125001 0.4314679828125 0.530026171875 0.44536442656249997 0.5360699890625 0.5105099078124999 0.5331828984375
1 0.5874827671875 0.664770128125 0.537311846875 0.6785602390625 0.5022102515625 0.6907960171874999 0.5731349390625 0.7427843875 0.63650655 0.699999184375 0.5874827671875 0.664770128125
1 0.6273780296875 0.614160384375 0.6223250578124999 0.6237980578125 0.5943472296875 0.62807738125 0.5893282859375 0.654303678125 0.6148416890624999 0.66511956875 0.632476734375 0.64901431875 0.639656428125 0.619483990625 0.6273780296875 0.614160384375
1 0.4707984859375 0.5661064265625 0.5168416859375 0.5487662609374999 0.5514119796875 0.5579345546875001 0.5542267812499999 0.53575204375 0.5127437718750001 0.5303395656250001 0.5107919859375001 0.53394591875 0.43813588125 0.53430304375 0.43679095312499994 0.540064815625 0.450616828125 0.5599141828125 0.4707984859375 0.5661064265625