1 0 0.8229835390625 0.0218569328125 0.8254342125 0.0288192390625 0.8064350375 0.0362041625 0.769972215625 0.0403377375 0.7625616921875 0.046109839062500005 0.7164917171875 0.01623488125 0.7091664062499999 0.007753671875 0.71467761875 0 0.714303928125 0 0.8229835390625
1 0.041282396875 0.75983690625 0.036021578124999995 0.781148128125 0.1240596 0.777919340625 0.126522903125 0.7560134875 0.1301918859375 0.738752278125 0.1292784453125 0.729293784375 0.12684085 0.7029330359375 0.12458085468749999 0.6946511125 0.0969658921875 0.695607725 0.0653060265625 0.6966797578125 0.051767303125 0.6933144171875 0.0499981328125 0.7119546375 0.046616140625000003 0.7209877046875001 0.041282396875 0.75983690625
1 0.137989984375 0.8086733421875 0.2450521015625 0.8036370906249999 0.2563982484375 0.745099209375 0.243647575 0.7345874234374999 0.2383812484375 0.7198153281249999 0.2311891375 0.7192617890624999 0.1447586890625 0.7286834390625 0.1487304046875 0.7134369656249999 0.139038265625 0.710889240625 0.1249468109375 0.7703063765625 0.137989984375 0.8086733421875
1 0.1413869296875 0.7118760609375 0.24076637500000003 0.7120331578125 0.250374565625 0.65995221875 0.23914778281250001 0.6336736562499999 0.22890763125000002 0.6319846421875 0.2278378390625 0.6507735203125 0.1577643515625 0.645143275 0.1557913453125 0.6286332125 0.1482495484375 0.628005346875 0.13325514375 0.684792571875 0.1413869296875 0.7118760609375
1 0 0.664723215625 0.044014753125 0.6692145015625 0.056060520312499994 0.616495146875 0.0591550046875 0.613791290625 0.0567039734375 0.587124475 0.038720628125 0.5847960453125001 0.0275301203125 0.5966108828125 0 0.593598703125 0 0.664723215625
1 0 0.7146371890625 0.0021193265625 0.7148420921875001 0.013969565625 0.709143675 0.025488031249999998 0.711592 0.0482530671875 0.713816275 0.052238984375 0.693746840625 0.050947454687500004 0.6747967218750001 0 0.668448090625 0 0.7146371890625
1 0.06821789375000001 0.580317896875 0.063130671875 0.60247025 0.0563026921875 0.6363745125 0.1418748625 0.64345168125 0.147800128125 0.6280434968749999 0.1520332734375 0.6223772421875 0.15526615 0.6053866140624999 0.1535846296875 0.5883615578125 0.141425678125 0.586787253125 0.1368843796875 0.5939032484375 0.0825070046875 0.5879008609375 0.0796523890625 0.5817382140625 0.06821789375000001 0.580317896875
1 0.2652912765625 0.602509021875 0.25240787187499997 0.6007807296875 0.2471097796875 0.6203628609375 0.252510859375 0.6341378953125 0.26065296875 0.647485390625 0.345911553125 0.6524755843750001 0.3512528515625 0.6273467562499999 0.340007484375 0.6143498015625 0.3363256953125 0.6085164140625 0.3310922796875 0.6028582984375 0.326021090625 0.601780384375 0.320079521875 0.6065784234375 0.2652912765625 0.602509021875
1 0.2529279796875 0.7372628578125 0.2640814984375 0.7578164859375 0.275451046875 0.750636640625 0.37079793437499997 0.75625593125 0.373879453125 0.7417585296875 0.350707471875 0.7100639375 0.3313580390625 0.7084764890625 0.32134011875 0.719984271875 0.283014353125 0.723959796875 0.27497496250000003 0.710129053125 0.2564581375 0.7117490609375 0.2529279796875 0.7372628578125
1 0.051192642187500005 0.509018359375 0.0464567796875 0.5241742796875 0.0381853234375 0.5613072796874999 0.04801955 0.5649128484375 0.06447659375 0.5694210609375 0.1395063875 0.583348815625 0.14803191875 0.5432393421875 0.14650719375000001 0.5272577734375 0.141277890625 0.5251383140625 0.1342118671875 0.53878878125 0.0598038109375 0.5254982609375001 0.060192940625000003 0.509418415625 0.051192642187500005 0.509018359375
1 0.402287059375 0.5457670109375 0.39628054687500003 0.5419648890625 0.3865762109375 0.5555596453125 0.387078928125 0.54606998125 0.382526759375 0.5461125484375 0.371314003125 0.5543358828125 0.34777463124999997 0.55286799375 0.34320642968750004 0.5761408296874999 0.34984011718749997 0.5841169015625 0.358533584375 0.5859647546875 0.368470528125 0.5890870765625 0.364837653125 0.6150841203125 0.392826475 0.6169926890624999 0.42707045312499997 0.61619019375 0.43336310781250004 0.57055530625 0.4244587703125 0.56613723125 0.41239166562499996 0.5570062499999999 0.402287059375 0.5457670109375
1 0.351759409375 0.5875553390625 0.3409844234375 0.577688846875 0.338010784375 0.561399303125 0.286174440625 0.5594725859375 0.2903752484375 0.5664264546875 0.306221425 0.5773708609375 0.303048059375 0.5994249375 0.3082274 0.6035563203125001 0.32043499375 0.60312064375 0.3242031953125 0.597860640625 0.3341401375 0.6009829640625 0.3433689296875 0.6145614421875 0.360799071875 0.6127104531249999 0.3654213484375 0.5909643531250001 0.351759409375 0.5875553390625
1 0.2677548984375 0.55707263125 0.2528062765625 0.5579358421875 0.248870684375 0.5889193390624999 0.26156496093750004 0.6022242703125 0.3019668109375 0.6027306703125 0.3056537625 0.5782603609375 0.2802220015625 0.557197196875 0.2677548984375 0.55707263125
1 0.3450833328125 0.686647196875 0.3384659484375 0.6892812687500001 0.33089693593749997 0.6785809859375 0.330977915625 0.66395088125 0.32425238125 0.663531484375 0.32007874375 0.6742611875 0.25106633437500003 0.6712089859375 0.2434761265625 0.7140426703125 0.2473742203125 0.7259829921875001 0.25300763593750003 0.7226346921875 0.2580570859375 0.70956575 0.27445461875 0.7090105140625 0.282131784375 0.7227642624999999 0.3212847203125 0.718459478125 0.330994490625 0.7084014375 0.3423749109375 0.7082950203125 0.3447860484375 0.695170365625 0.3450833328125 0.686647196875
1 0.517662615625 0.6439276875 0.5094180671874999 0.641710140625 0.46668689687500003 0.6409994046875 0.4962698796875 0.672403621875 0.4878811953125 0.7003878515624999 0.497186246875 0.7107377546875 0.5504919187499999 0.7109054875 0.5570135875 0.6769430421875 0.517662615625 0.6439276875
1 0.5544701828124999 0.7577973874999999 0.6157864328125 0.7629236203125 0.626724028125 0.719667296875 0.6174289843749999 0.7158311171875 0.6097619828124999 0.717457246875 0.5953388390625001 0.6934613796875 0.5828873125 0.68151244375 0.5762009859375 0.6703238265625 0.54742476875 0.6679281640625 0.5603542484374999 0.6809089203124999 0.5422526249999999 0.7431075 0.5544701828124999 0.7577973874999999
1 0.682434725 0.7659274140625 0.6907736124999999 0.7365372546875 0.628097828125 0.683680409375 0.617428734375 0.6846684234375 0.6158755140625 0.6968963546875 0.59262051875 0.6914882390625 0.6147156687499999 0.7171148421875 0.6251009937500001 0.717461853125 0.6284516609375 0.7279414578125001 0.617972 0.75920215 0.622218765625 0.763825740625 0.682434725 0.7659274140625
1 0.6899520859375 0.728920809375 0.712151584375 0.7294534328125 0.7147900796875 0.7104794703125 0.711200434375 0.6994839578125001 0.7098511578125 0.6894297640625 0.7055495890625 0.680143384375 0.6995751875 0.6672456343750001 0.6898967828125 0.661932628125 0.6412012218750001 0.654837865625 0.63519729375 0.6847243328125 0.6899520859375 0.728920809375
1 0.6470752765625 0.571435671875 0.6365558265625 0.6078041625 0.6821299359374999 0.6295842046875 0.7074608953125 0.621945271875 0.7174078046875 0.5849899703125 0.6704546421875001 0.5647772578125 0.6470752765625 0.571435671875
1 0.5524082328125 0.6559642375 0.572910125 0.667763875 0.5785409515625 0.6740769984375 0.6237116781250001 0.6813527625 0.6319261984375 0.6640291359375 0.6261011875 0.655349165625 0.604359621875 0.6428209140625001 0.554902340625 0.6360293578125 0.548823590625 0.6482255859375 0.5524082328125 0.6559642375
1 0.7820762265625001 0.7875719828125 0.8310413453125 0.7900729 0.8449212234375001 0.7395350406250001 0.8243645296875 0.723072615625 0.8233040265625 0.7149402578124999 0.814053775 0.70925314375 0.8034742687499999 0.7065392875 0.7975198859375 0.706668984375 0.7890811546875 0.7020845921875 0.79610605 0.716600975 0.7957029171875 0.73325939375 0.7925764609375 0.7446878109374999 0.7820762265625001 0.7875719828125
1 0.8827384953124999 0.735480384375 0.8258977312500001 0.6978172328125 0.787692090625 0.6971381984375 0.7950903390625 0.706617684375 0.8077608250000001 0.7060550796875 0.821013859375 0.7125930109375 0.825176046875 0.7241753359375 0.8454439703125001 0.7387159265625 0.83228101875 0.790801515625 0.8713379625 0.7874754734375 0.8827384953124999 0.735480384375
1 0.8443882203124999 0.702677734375 0.8484508140625 0.7114482062499999 0.8844063234374999 0.7358348921875 0.8750419671874999 0.7798907296875 0.9019811984375 0.7958493515625 0.9365126109374999 0.79249160625 0.9471066312499999 0.7426506578125001 0.8848840250000001 0.7057040156250001 0.8443882203124999 0.702677734375