1 0 0.7623965078125 0.0454697296875 0.7666975359375 0.051571859374999994 0.749109721875 0.0577791453125 0.7154503921875001 0.0614649515625 0.7085678609375 0.066030865625 0.6660965015625 0.0384019609375 0.6598319921875 0.030681828124999998 0.6650363296874999 0 0.6640886140625 0 0.7623965078125
1 0.06229051249999999 0.706046340625 0.057792765625 0.7257340109375 0.1388083671875 0.7213669031250001 0.14072040624999999 0.7011766234375 0.14381820781250002 0.6852398203125001 0.1428232640625 0.6765534453125001 0.1401499578125 0.652342871875 0.1379342 0.6447601921875 0.1125210515625 0.646078359375 0.083385109375 0.6475668859375 0.0708635109375 0.6446859359375 0.069537540625 0.6618611453125001 0.0665702015625 0.670224328125 0.06229051249999999 0.706046340625
1 0.15213603125 0.74943646875 0.2506402109375 0.7431048125 0.2601361140625 0.68907578125 0.24822395312499998 0.6796083125 0.24313432656249997 0.6661030234374999 0.236502609375 0.6657079453125 0.1570680203125 0.6757463546875 0.1604773515625 0.661658103125 0.1515111 0.6594682421875 0.13950153125 0.7143496609375 0.15213603125 0.74943646875
1 0.15368986874999999 0.66033875 0.24520406718749999 0.6589063609375 0.25320461562499996 0.6108446453124999 0.242439290625 0.5868491390624999 0.232982378125 0.5854579 0.23230283593749998 0.6027587624999999 0.16768545625 0.59869139375 0.16560015781249998 0.5835350921875 0.15864522812499998 0.583077190625 0.1457614265625 0.63555368125 0.15368986874999999 0.66033875
1 0 0.61728444375 0.0633327984375 0.6226394359375 0.07356755781249999 0.573951765625 0.0763730828125 0.5714153875 0.0736824265625 0.5469234765625 0.0570849453125 0.5450669046875001 0.046972521875 0.5561129375 0 0.551796440625 0 0.61728444375
1 0 0.663257259375 0.025496225 0.66527703125 0.036315617187499996 0.6598470265625 0.0469619890625 0.6619164718749999 0.06796090625 0.6636013562499999 0.07130488125 0.6450762359375 0.0698074234375 0.6276645171874999 0 0.6201938546875 0 0.663257259375
1 0.0841741046875 0.5404794078124999 0.0798498890625 0.5609380796875 0.074113846875 0.5922349515625001 0.15302641875 0.5973874218749999 0.15823200625 0.5831194140625 0.1620378703125 0.5778398578124999 0.16473849062499998 0.56215888125 0.162913225 0.5465242140625 0.1516912859375 0.54526894375 0.14762524375 0.55188700625 0.097455275 0.5472282421875 0.09472643750000001 0.54160451875 0.0841741046875 0.5404794078124999
1 0.2660062078125 0.557765959375 0.2541146640625 0.5563805312500001 0.249554475 0.5744782015625 0.254751971875 0.5870641515624999 0.262466540625 0.5992133187500001 0.3410564140625 0.60245095625 0.34556618437500003 0.57925019375 0.33499974374999997 0.5674727328125 0.3315145734375 0.56216501875 0.3266034671875 0.557043159375 0.3219162296875 0.556132053125 0.31652308125 0.560640046875 0.2660062078125 0.557765959375
1 0.2568131453125 0.6819221843750001 0.2674179015625 0.700652490625 0.27777056875 0.69386734375 0.365660290625 0.6975236109375 0.3682620828125 0.68413855625 0.34640917656250003 0.6553503828125 0.3285658109375 0.6541971156249999 0.31952814687500003 0.6649420828125 0.284301259375 0.6692073046875 0.2766734171875 0.6566119687499999 0.259648903125 0.6583960281250001 0.2568131453125 0.6819221843750001
1 0.0673372203125 0.47516111250000004 0.0632227640625 0.48917818750000003 0.05621003125 0.5234680828125 0.065324325 0.5266288015625 0.0805517921875 0.5305147734375 0.149868028125 0.5421363796875001 0.1570663171875 0.50510439375 0.15540239843749998 0.49042714375 0.150552628125 0.488560428125 0.144268009375 0.5012296140625 0.07553465312499999 0.49018433437500003 0.075631475 0.47538631093749995 0.0673372203125 0.47516111250000004
1 0.3912333546875 0.5033952015625001 0.385640540625 0.49999293749999996 0.37692557656250003 0.5126527390625 0.3772341671875 0.50391521875 0.373043084375 0.5040266078125 0.362851765625 0.5117691718749999 0.34115211875 0.510792371875 0.3373240546875 0.5322735390625 0.34356226875 0.5395054671875 0.35159753125000004 0.5410673640625 0.36079855 0.5437819125 0.357876065625 0.5677542390625 0.3836800703125 0.5690658187500001 0.4151999234375 0.5677842359375 0.420252253125 0.5257048546875 0.41198101718749996 0.5217819578125 0.40072076562500003 0.5135738421875 0.3912333546875 0.5033952015625001
1 0.345385528125 0.54263803125 0.3353031359375 0.5337328171875 0.3323000109375 0.5187952499999999 0.2845361796875 0.517845378125 0.2885175015625 0.5241755859375 0.3032871296875 0.5339919046875 0.3007236546875 0.554329803125 0.3055601375 0.558048078125 0.316794178125 0.5574535968750001 0.32017851249999996 0.5525551281250001 0.3293795328125 0.5552696781249999 0.3380985078125 0.5676140828125 0.3541186140625 0.565634784375 0.3580213 0.545557203125 0.345385528125 0.54263803125
1 0.267535871875 0.5159299328125 0.253784759375 0.516961196875 0.2506646171875 0.5455253640625 0.26257026875 0.55756314375 0.2997817671875 0.557387903125 0.302778875 0.5348191625000001 0.2790179890625 0.5158466984375 0.267535871875 0.5159299328125
1 0.3408494796875 0.6338985625 0.33479882656250004 0.6364266468750001 0.3276550359375 0.626703559375 0.3274916796875 0.6132440421875 0.3212917796875 0.61296495625 0.317623059375 0.622901434375 0.2540246796875 0.6211887703125 0.24773196875 0.6607119124999999 0.251515634375 0.6716339625 0.2566486046875 0.6684644734375 0.261085759375 0.6563622296875 0.2761760796875 0.65559128125 0.28346911874999997 0.6681215375 0.3194523375 0.66354030625 0.328229821875 0.65413384375 0.33870753124999997 0.653855371875 0.340714340625 0.64174374375 0.3408494796875 0.6338985625
1 0.49907104843749994 0.591862484375 0.491443153125 0.5899533828125 0.4520834234375 0.5899776140624999 0.47983505312499997 0.6183969453125 0.4725655921875 0.6442727453125 0.4813022828125 0.6536459734375 0.530390509375 0.6529544421875 0.5358435453125 0.62160890625 0.49907104843749994 0.591862484375
1 0.5348163984375 0.696027175 0.5913616484374999 0.6997698609375 0.6007298640625 0.6598048171875 0.5921083171875 0.65642340625 0.5850747515625 0.6580409359375 0.5714032453125 0.6361959984375 0.559743175 0.6254017468749999 0.5534042453125 0.6152154328125 0.5268672609375 0.6134682703125 0.5389842234375 0.6252041078125 0.5233272015625 0.682707809375 0.5348163984375 0.696027175
1 0.652782290625 0.7014755078125 0.6599830343749999 0.674307184375 0.6014096609374999 0.62667868125 0.5916013015625 0.6277568453125 0.5903699062500001 0.6390299671874999 0.5688680421875 0.634424040625 0.5896306890624999 0.65764735625 0.59919945625 0.6578017843749999 0.6024552812499999 0.6673888031249999 0.593313665625 0.6963117999999999 0.5972994093749999 0.7004976562499999 0.652782290625 0.7014755078125
1 0.659102684375 0.6673138515625 0.679553325 0.6674515609375 0.68167436875 0.649955546875 0.678190096875 0.6398977328125001 0.6767841359375 0.630670290625 0.672672096875 0.62219600625 0.6669609359375 0.6104261640625 0.657962359375 0.6056923000000001 0.613006615625 0.5999385078125 0.6079640421875 0.6275263359375 0.659102684375 0.6673138515625
1 0.6170592921875 0.5231236234375001 0.607964103125 0.5567459140625 0.6502843421875 0.5760582265624999 0.6734856390624999 0.568629234375 0.6820440671875 0.53447621875 0.6384794453125 0.516627575 0.6170592921875 0.5231236234375001
1 0.5312616234374999 0.6023835796875 0.5503322875000001 0.6129127515625 0.5556199937499999 0.618630846875 0.59733290625 0.624607075 0.6046153609375 0.608540728125 0.5991103546875001 0.6006484515625 0.5788863140625 0.5894686984375 0.5332340828125 0.5840059078125 0.5278349265625 0.5953216734375 0.5312616234374999 0.6023835796875
1 0.7448872390625 0.7198052828125 0.7900164921874999 0.7213289234375 0.801975634375 0.6746189078125 0.782778678125 0.65980130625 0.7816698828125 0.6523371796874999 0.7730594796875 0.6472523812500001 0.7632734125 0.644923775 0.75779254375 0.645137565625 0.749947346875 0.641054284375 0.7566521578125001 0.6542964359375001 0.7565518515625 0.6696269125 0.75385876875 0.680189521875 0.7448872390625 0.7198052828125
1 0.8367330000000001 0.6702889640625 0.7837797796875 0.6365445515625 0.7485878125000001 0.6365261375 0.75555450625 0.6451289234375001 0.767212728125 0.6444103343750001 0.779522853125 0.6502142859375 0.7835438828125 0.6608028218750001 0.8024436749999999 0.673857109375 0.7911698703125001 0.7219795062500001 0.8270806125 0.7183001421874999 0.8367330000000001 0.6702889640625
1 0.800885434375 0.6407223296875 0.804769025 0.6487258234375 0.8382745515625001 0.6705886109375 0.830368025 0.711264165625 0.8554340234375 0.725517040625 0.8871770031249999 0.7218803234375 0.8961217609375 0.675863534375 0.8382244296874999 0.6428636375 0.800885434375 0.6407223296875