1 0.8065194515625 0.9208590015624999 0.8403927343750001 0.9463854046875 0.855748490625 0.954916596875 0.9277426468750001 0.944798478125 0.9355648593750001 0.9303530828125 0.9746270703125001 0.8525995906249999 0.8683572609375 0.821808615625 0.8140319703125 0.8964237781250001 0.7998905828125 0.9074441625 0.8065194515625 0.9208590015624999
1 1 0.862853525 0.9817238828124999 0.8563622296875 0.93267376875 0.9441054531249999 1 0.93464336875 1 0.862853525
1 0.7068861046875 0.7909098078125 0.787227884375 0.8173443812500001 0.797779590625 0.8716532375 0.8067417875 0.8757071859375 0.8207783828125 0.8769225671875001 0.8694701703125001 0.8105681468749999 0.862040628125 0.74731888125 0.780763525 0.7194217093749999 0.7752497468749999 0.719133915625 0.7068861046875 0.7909098078125
1 0.7725403109375 0.8900192984374999 0.786508125 0.8970747828125001 0.79896936875 0.8850165593750001 0.785391428125 0.8177826687499999 0.6943880453125 0.7871974671874999 0.601409015625 0.883149515625 0.56863235625 0.9122348765625 0.6086109937499999 0.9469849453125001 0.6117277109375 0.9628661984375 0.65310909375 0.98339570625 0.704564165625 0.9761641671874999 0.70423491875 0.9747734921875001 0.6985799046875 0.9429297249999999 0.712125303125 0.9259951421875 0.73351955625 0.9208411046875 0.7495036703125 0.9065699640625 0.7725403109375 0.8900192984374999
1 0.674988090625 0.7941134859375001 0.6713397343749999 0.77617076875 0.66562031875 0.7675417890625 0.6473582921875 0.7598553171875 0.637245071875 0.7600462734375 0.6274325890625 0.7503520515625001 0.6164779359375 0.74656005 0.6118271171874999 0.7615679265625 0.6241383093749999 0.7750121921875001 0.6251813109375 0.79045021875 0.6052054859375 0.7825944812500001 0.5951231921875 0.7749887875 0.515514265625 0.8378523796874999 0.48318034218749994 0.8723354734375001 0.5172942 0.8946090921875 0.52020776875 0.9073235015625001 0.6060192437499999 0.9547310781249999 0.6089317375000001 0.9494002968749999 0.6044366171875 0.9434701046875 0.58477433125 0.9298286046875001 0.5656015453125 0.9136575828125 0.5963411171875 0.8818592875 0.6712224328125 0.8094070828125 0.6789681109375 0.7943743734375001 0.674988090625 0.7941134859375001
1 0.6755661125 0.8022346765625 0.68405938125 0.7965296921875 0.6936948234375 0.7849224859375 0.70381444375 0.7867812359374999 0.7090560828125 0.783993965625 0.7762098453124999 0.714678403125 0.7729187484375 0.687252684375 0.6917730328125 0.6650270234375 0.607256275 0.7490864328125 0.6020466328125 0.7621222421875 0.5962280421874999 0.7748335109375 0.60973793125 0.7827777296875 0.6215713468749999 0.78480574375 0.617779021875 0.773855325 0.610363934375 0.753161015625 0.625775315625 0.750584965625 0.6512753906250001 0.7576643187500001 0.6707745109375 0.77214899375 0.6755661125 0.8022346765625
1 0.6163670031249999 0.6756246499999999 0.54194959375 0.7373485015625 0.5223768984375 0.7524029046875 0.5899252749999999 0.774078821875 0.6062772671875 0.7541454796875 0.6758604203125 0.6840783703125 0.6163670031249999 0.6756246499999999
1 0.4993105296875 0.9229741765625 0.5097106171875 0.8907534390625 0.48505090624999997 0.8696118546875 0.506588015625 0.8464890671875 0.5195945328125 0.8348182078124999 0.5866043265625 0.7724949421875 0.520449809375 0.7547243453125 0.45314460468749995 0.8109373078125 0.45090398125000003 0.8190445125 0.4426304015625 0.8243085015625 0.4239812625 0.85194686875 0.4993105296875 0.9229741765625
1 0.4350915125 0.7489942453125 0.42503074218750003 0.762798690625 0.41992847656250004 0.7466774 0.416299221875 0.7224064640625001 0.39888990468749996 0.727394825 0.3915281453125 0.7417730640625 0.39683942499999997 0.75627645625 0.403195771875 0.762690346875 0.40870615312499997 0.7724001796875 0.3910200765625 0.784734653125 0.390442609375 0.8054666375 0.3778769703125 0.8123159046874999 0.3708944109375 0.824734621875 0.36979151250000003 0.841727990625 0.37060940000000003 0.8568628875 0.3720155 0.8684203578125 0.43660257031249994 0.8901606281250001 0.43971465312499997 0.8859107937499999 0.438458909375 0.8676603828125 0.4239856984375 0.8531737984375001 0.43531046562500003 0.8328376078125 0.44657245 0.81981745625 0.4529717546875 0.8125639921875001 0.518249459375 0.7538278218750001 0.47370297343749995 0.7334011968749999 0.46385534375 0.7331966640625 0.4556178703125 0.741343878125 0.4350915125 0.7489942453125
1 0.5191879562499999 0.7527428078125 0.6140638359375 0.671737696875 0.554028815625 0.6544409609375 0.5452469140625 0.6664771468749999 0.522994746875 0.6835835078125 0.49444075937500004 0.7117420921875001 0.46582899843750003 0.72084649375 0.48368691718749995 0.7361282109375 0.504481775 0.7459138875 0.5191879562499999 0.7527428078125
1 0.48978213750000005 0.71430305 0.547624553125 0.6601065953125 0.5576175812499999 0.6520303609375 0.5561387812499999 0.6446132718750001 0.49733471875 0.6376278015625 0.4492754875 0.6713870140625 0.4246258515625 0.6885126125000001 0.40777583125000005 0.6943754828125 0.40429942499999993 0.705348328125 0.41708399218750003 0.70005681875 0.42394181406250003 0.7162490874999999 0.4246143 0.73966475 0.43691805625 0.7449250796875 0.4621071625 0.7223226796875 0.4749693875 0.714478615625 0.48978213750000005 0.71430305
1 0.4299096890625 0.7478162734375 0.424063896875 0.7403775140625 0.41766293125000004 0.71967316875 0.3986137125 0.7067828140625 0.390507596875 0.7158646796875 0.35724624375 0.7446848421875 0.33516426250000003 0.7614495796875 0.329844728125 0.7717283421875 0.3230810953125 0.7857048171875001 0.31320125625 0.8163222015624999 0.367528646875 0.8442699515625 0.370458778125 0.8216187937500001 0.375943540625 0.8094105796875001 0.38705516875 0.8030833656249999 0.3856829390625 0.7886617874999999 0.40368955624999997 0.76929275625 0.39594693593749997 0.7576727062499999 0.39828904375 0.72620845 0.41523159062500004 0.7225565109375001 0.42398706875 0.756908975 0.42967176250000005 0.7538861078125 0.4299096890625 0.7478162734375
1 0.274536071875 0.7461424375 0.270397921875 0.75085418125 0.255120890625 0.794302884375 0.3063930078125 0.8160082187500001 0.3115423578125 0.806071078125 0.3153550078125 0.8068060640624999 0.3242476078125 0.7753743125 0.33199848125 0.76221220625 0.3472433015625 0.74958541875 0.396863115625 0.7082996625 0.3728537328125 0.697377234375 0.3612794625 0.692649790625 0.3467930390625 0.70135753125 0.31337554375 0.7213038968750001 0.274536071875 0.7461424375
1 0.2500634296875 0.7698943125000001 0.2601636859375 0.7751510781250001 0.27239928281250003 0.7439446484375 0.3594634015625 0.690538296875 0.3571595046875 0.6850203593749999 0.30877478125 0.6642808046875001 0.2982752375 0.6752144578125 0.23435279687500002 0.7206394375 0.22015761718750002 0.7365433234375 0.209909078125 0.743825390625 0.24302515625 0.7728307203125 0.2500634296875 0.7698943125000001
1 0.233339371875 0.7202255109375 0.3098135234375 0.6607966875 0.27538745 0.656455096875 0.20653025937499997 0.70618991875 0.1855658984375 0.73917945 0.2233700625 0.7689168015625001 0.22619260156249998 0.7604529671875 0.209870740625 0.7435526015625 0.233339371875 0.7202255109375
1 0.1514754625 0.7222726953125 0.1850421875 0.7395312296875 0.20659391562499999 0.7025646640625001 0.2755748015625 0.6564287656250001 0.28266009687500004 0.656545703125 0.28349846562500003 0.64891708125 0.257340375 0.6272792 0.2514739453125 0.6453506828125 0.243966203125 0.629993346875 0.188342128125 0.667853984375 0.164736778125 0.683411315625 0.1514754625 0.7222726953125
1 0.1784108296875 0.6278475984375 0.15477730625 0.640989875 0.1362824921875 0.6515912828125 0.1065059703125 0.667345665625 0.1363168203125 0.6783062921874999 0.139165221875 0.6776201203125 0.1471737578125 0.7010780484375 0.1555792203125 0.7036128421875001 0.165523346875 0.6807762265624999 0.170060571875 0.6781375828125 0.2319657859375 0.6374164062500001 0.24047260625 0.6304011187499999 0.2239867359375 0.62507965625 0.211403371875 0.6137537328125 0.18992917812500001 0.6120431984375 0.1784108296875 0.6278475984375
1 0.192647878125 0.6074472109375 0.174864915625 0.6102137046875 0.1555071453125 0.6161414015625 0.108238578125 0.645501796875 0.1100601078125 0.6636868437500001 0.116471934375 0.687106521875 0.1311789484375 0.6911866015625 0.14341116874999998 0.69855436875 0.138816003125 0.6802246046875 0.1141104109375 0.668997365625 0.11318957031250002 0.6624452421875 0.12667273437499998 0.655205075 0.131528509375 0.6531863328124999 0.1650359234375 0.6343123125 0.1849413296875 0.6192207578125 0.192647878125 0.6074472109375
1 0.0807753328125 0.6277133171875 0.0623675953125 0.6495431890625001 0.0853350609375 0.6692998140624999 0.09125831250000001 0.663122125 0.0978327578125 0.6694142078125 0.1119796265625 0.67865098125 0.10716276250000001 0.6469893 0.144715609375 0.6203306671875 0.184187975 0.608636171875 0.18352079999999998 0.6025829218750001 0.16105302187499998 0.592912009375 0.1506951484375 0.59757485 0.13519934218750002 0.606166921875 0.0807753328125 0.6277133171875
1 0.0548118515625 0.6519413875 0.06270674062500001 0.6428139875000001 0.06325507500000001 0.6454095390625 0.076246890625 0.630755103125 0.09472899375 0.6212088125 0.1542499328125 0.59413538125 0.13665043906250002 0.5864528906250001 0.1149937 0.594307253125 0.074335015625 0.6067029984375 0.0556034140625 0.6170861375000001 0.0345158609375 0.6342146625 0.0548118515625 0.6519413875