1 0.7777043531250001 1 0.80648056875 0.9747501656249999 0.7182941203125 0.9055768484375 0.6389614609375001 0.9549154859375 0.6214956609375 0.9598820781249999 0.6226393703124999 0.97497169375 0.6377154921875 1 0.7777043531250001 1
1 0.5782774921875 0.8153638296875 0.643751553125 0.8706185671875 0.6330795 0.9255305999999999 0.6399642546875 0.93273029375 0.652693303125 0.9391938718749999 0.7236008796875 0.89546206875 0.740595828125 0.8333534890625 0.6747973109375 0.77637291875 0.6697252734375 0.7740116875 0.5782774921875 0.8153638296875
1 0.5040623796875 1 0.5060879671875 0.9867137375 0.5128453234375 0.9547180703124999 0.531993021875 0.9439813875 0.5540503328125 0.9472650703125 0.5744799734375 0.9399501609375 0.6024007734375 0.93317351875 0.612851346875 0.945085578125 0.629131784375 0.938508803125 0.641859746875 0.870332828125 0.5679407000000001 0.8071431656250001 0.44419797968749997 0.8618213156250001 0.402373171875 0.8766535734374999 0.4267669921875 0.9243930499999999 0.423675478125 0.9404625 0.47667246875 1 0.5040623796875 1
1 0.5470894453125 0.8062676421875 0.55046284375 0.7880640999999999 0.5483595171875 0.7778057625 0.5341129921875 0.763673359375 0.5245375171875 0.7600162828125 0.518991865625 0.7472068203125 0.510135559375 0.7394969140625001 0.5000762015625 0.7518013203125 0.5065482640625001 0.769073903125 0.5016761578125 0.7839412765625 0.48588339375 0.7690001375 0.47929249687500003 0.7580461374999999 0.3806563 0.7867783187499999 0.3372013671875 0.8068384015625 0.3608137515625 0.8406577453124999 0.35873181718749997 0.85368150625 0.421395228125 0.9306712640624999 0.42615278281249996 0.9267788875 0.4241768453125 0.9195148078125 0.41087194374999997 0.8992689703125001 0.398985896875 0.87683760625 0.43992491874999995 0.8586895203125 0.537753534375 0.8191756375000001 0.5507304546875 0.808021875 0.5470894453125 0.8062676421875
1 0.5445540484375 0.8140997750000001 0.5546975421875 0.8119734781249999 0.5681516906249999 0.8047476265625001 0.5769561859375 0.8103285453125 0.5829381859375 0.8097039562499999 0.6723164265625 0.770199228125 0.6796203078125 0.7432417453125 0.6117953171875 0.6916275375 0.5005125500000001 0.7383672703124999 0.4906756453125 0.748611071875 0.4803895546875 0.7583196640625001 0.49007293125 0.770891134375 0.50042366875 0.7772807875 0.501011171875 0.7655772796875 0.50188815 0.7433656 0.51734628125 0.74679653125 0.5386243281249999 0.7631053046875 0.5514562781250001 0.7840796515624999 0.5445540484375 0.8140997750000001
1 0.53692121875 0.6729593281249999 0.4435953796875 0.7025923187500001 0.4194967421875 0.7092802703125 0.47475311875 0.7552214875 0.49767484375000004 0.7427383171875 0.5896208046875 0.70345058125 0.53692121875 0.6729593281249999
1 0.33316251406249997 0.8604259937500001 0.3551492703125 0.8341668656250001 0.339991540625 0.8049947859375 0.368994609375 0.7914885843749999 0.38564058437500004 0.7854817578125 0.4722329296875 0.7524770640625 0.4168059125 0.710725440625 0.332252246875 0.737890225 0.327073553125 0.744640096875 0.31730366718749997 0.7464363281249999 0.289302590625 0.7652709234375 0.33316251406249997 0.8604259937500001
1 0.33876941562499996 0.6729764375 0.324082678125 0.6821006703125 0.3253994234375 0.6650530609375 0.331189646875 0.6409246359375 0.3129396640625 0.6389971812499999 0.30057159375000003 0.6496830625000001 0.3000645609375 0.6652933187500001 0.30360608125 0.6737168078125 0.30510325625 0.6849090578125 0.2838084796875 0.689762940625 0.27540685468750004 0.7089782578125 0.2610029078125 0.7106325078125 0.2497339671875 0.7196253484375 0.24225583281250002 0.73513675 0.23728710312499998 0.749634578125 0.2342272140625 0.7610020125 0.2866765421875 0.8058802937499999 0.2912118828125 0.8030769109375001 0.2969501875 0.7854924859375 0.288841659375 0.7664227421875001 0.3071921640625 0.75165504375 0.3227103375 0.7437216546875 0.3314731859375 0.73934953125 0.415078159375 0.70905040625 0.3809624 0.673005215625 0.3717864078125 0.6690781484375 0.36095748906249997 0.6735908375 0.33876941562499996 0.6729764375
1 0.41637134062500003 0.708389290625 0.5362304499999999 0.668442040625 0.48637411249999996 0.629455825 0.4735593921875 0.637407565625 0.4461650890625 0.6450026828125 0.40865952187500004 0.660567890625 0.37832264375 0.6582496156250001 0.3893102671875 0.6793485890625 0.4051410609375 0.6964095421875001 0.41637134062500003 0.708389290625
1 0.40331115625 0.6612014796875 0.4782085125 0.632337621875 0.49066016875 0.628557375 0.49208222343749997 0.621043596875 0.43947382656249995 0.592190178125 0.3815167015625 0.605606865625 0.3518622734375 0.6123106234375 0.333806340625 0.61141509375 0.326380121875 0.62038249375 0.3403992828125 0.620271540625 0.34070527500000003 0.638051590625 0.33246087812499997 0.660256734375 0.342028284375 0.6698547984375 0.3742657609375 0.6582216625 0.3893255046875 0.6557473796875 0.40331115625 0.6612014796875
1 0.33434675 0.6699066609375001 0.3316734875 0.660716109375 0.3335072109375 0.6388796890624999 0.32049365 0.619570525 0.30943386093749997 0.6250091921875 0.2672541328125 0.639409003125 0.240149246875 0.6467484328124999 0.2312542078125 0.6543660703125 0.21960048125 0.6649022109375 0.1987103796875 0.689855678125 0.2391658890625 0.736661271875 0.250505753125 0.716539303125 0.26028745781249996 0.7071756515625001 0.2731272171875 0.705459253125 0.2773046484375 0.691419825 0.301567259375 0.6800932671875 0.29869663125 0.66626364375 0.3128247796875 0.6376571484375 0.33012954687499996 0.6406603234375 0.32533461875 0.6761837140625 0.33182225 0.67550633125 0.33434675 0.6699066609375001
1 0.188981315625 0.609402284375 0.1833067109375 0.6122494625 0.15248098593749998 0.6471839 0.192431896875 0.6869788875 0.201037515625 0.6796169375 0.204341534375 0.681752109375 0.2246126625 0.6556607734375001 0.2368853640625 0.6462625015625 0.2559969765625 0.6402086 0.3182736671875 0.620328409375 0.2998531953125 0.600982540625 0.29076925937500003 0.5921607140625 0.27385590625 0.5948285359375001 0.23489330000000003 0.6008507390625 0.188981315625 0.609402284375
1 0.15698134531250002 0.6223847109375 0.16447953906249999 0.6311436140625 0.18780656874999999 0.60653154375 0.289863178125 0.5894925234375 0.289789990625 0.58344605625 0.25218617656250003 0.5456516265625 0.23817538593749998 0.5519183187500001 0.1608898640625 0.5702534765625 0.1415223015625 0.579777503125 0.1291315984375 0.5827163750000001 0.149254565625 0.622467615625 0.15698134531250002 0.6223847109375
1 0.16009448906249998 0.5694810515625 0.254482996875 0.5427795921875 0.2237796375 0.5256514703125 0.140223321875 0.5461548984375 0.10801820312499999 0.569127528125 0.13226893281250002 0.6113432296875 0.13812962499999998 0.60447978125 0.12919898125 0.582446115625 0.16009448906249998 0.5694810515625
1 0.08239338125 0.5403480171874999 0.10739273593750001 0.569258640625 0.141657384375 0.542780696875 0.22396566718750002 0.525697853125 0.230579178125 0.5284950187499999 0.2342587953125 0.52166188125 0.21788121718750003 0.4914562125 0.20551824375 0.506171375 0.204285040625 0.48892747812500004 0.1376647046875 0.5033194296875 0.1095860546875 0.5089491921875 0.08239338125 0.5403480171874999
1 0.1434980171875 0.4620499953125 0.1163083828125 0.465405175 0.0949106171875 0.46832770156250003 0.06095840625 0.4718013703125 0.0848158609375 0.49338362187499996 0.0877525296875 0.49382083593750004 0.086385578125 0.5188482624999999 0.09332306093750001 0.5244127078124999 0.11132406875 0.5067773921875001 0.11658780937499999 0.50602493125 0.1901947046875 0.491334003125 0.2008476359375 0.48798455625 0.18737359375 0.47674285625 0.1798427671875 0.4613527875 0.16031253125 0.45160386875 0.1434980171875 0.4620499953125
1 0.164609440625 0.4483267859375 0.14685061093750001 0.44417480468750004 0.1264136453125 0.44238882031250004 0.07086696875000001 0.451981925 0.0656850921875 0.469719690625 0.062832259375 0.49410560625000005 0.07510534218750001 0.5035088812499999 0.08380665000000001 0.515055340625 0.08643708125 0.496129840625 0.0674779515625 0.47623415625 0.06909641562499999 0.4697428484375 0.0845107140625 0.46807019375000003 0.0898387984375 0.46801966562499997 0.1284794 0.463036796875 0.152904759375 0.4564402203125 0.164609440625 0.4483267859375
1 0.0518037609375 0.42488966093749997 0.0262313828125 0.43837088125 0.0403239640625 0.4656027984375 0.048231678124999997 0.46205854375 0.0520243109375 0.4704505765625 0.061816265625 0.48447531250000003 0.0692921796875 0.452968253125 0.1146851109375 0.442222503125 0.1562092171875 0.44623237343750005 0.15787693125 0.44030493281250005 0.1404306421875 0.4227169953125 0.12893008749999998 0.42315910625 0.11111209375 0.4253356265625 0.0518037609375 0.42488966093749997
1 0.1335742328125 0.4212832921875 0.1199487609375 0.40740592812500004 0.0966211703125 0.40655398906249995 0.0537164890625 0.40275149062500004 0.032178968749999995 0.40537959375000004 0.006309196875000001 0.4133029125 0.0061423359375 0.41397215468750004 0.0182223765625 0.43775298124999995 0.029100945312499998 0.43219150781250004 0.0286322875 0.43483259218750003 0.0463954515625 0.42602335937499997 0.0673813 0.42408508749999996 0.1335742328125 0.4212832921875