1 1 0.675696365625 0.9627336609375 0.6510091390625 0.9578183250000001 0.6259395265625 0.94166656875 0.614844028125 0.9194942625 0.6177559359375 0.918950778125 0.62188359375 0.922777996875 0.6366004765625 0.9396545937499999 0.6452937734375 0.93882995625 0.6622441015625 0.946342390625 0.6748291390625 0.9513181765625 0.7004739046874999 0.9549070296875 0.7687143328125 1 0.76142675625 1 0.675696365625
1 0.8339997875 0.605571409375 0.8239107484374999 0.6232807046875 0.8148304578125 0.636721753125 0.8042903609375 0.644593175 0.82065183125 0.6616035203124999 0.8489596359375 0.6841218718750001 0.862473946875 0.6962286875 0.8725104375000001 0.7029779781250001 0.8809626296875 0.7307049046875 0.8840644093750001 0.77408224375 0.9500455203125 0.755701234375 0.9418601734375001 0.67227651875 0.9365985421874999 0.6665862046875 0.9365975171875001 0.6499374140625 0.9222183421875 0.6379215015625 0.9167939390625 0.6223630124999999 0.90144275625 0.6260576 0.8966143234375 0.6328084234375 0.8852261968749999 0.6215186921875 0.8736946937500001 0.622730703125 0.8666676203125 0.622428721875 0.84974743125 0.602875709375 0.8339997875 0.605571409375
1 0.755687103125 0.7412290140625 0.7843368015625 0.7475498484374999 0.8042613671875 0.767413428125 0.83262681875 0.7885856109375 0.8743553390625 0.7847487125 0.8717082218750001 0.70982168125 0.8162505328125 0.65910934375 0.812961715625 0.660003953125 0.794996771875 0.6646368640625 0.7795411078125001 0.6668102640625 0.7637242046875 0.6684726875 0.7515379734375001 0.6637151328125 0.7307213578125 0.6675498765625 0.720171196875 0.6812844421875 0.7251913734375 0.7027145406249999 0.732417196875 0.7305001375 0.755687103125 0.7412290140625
1 1 0.5838336609375 0.9990298375 0.582344875 0.9902050156250001 0.584855159375 0.9846146578124999 0.594939275 0.976598159375 0.5945947734375 0.9633607296875001 0.5951947046875 0.953069825 0.6006289046875 0.946670753125 0.6072368140625 0.9434095171875001 0.609953721875 0.94909689375 0.6176654296875 0.9582100453125 0.6242257 0.9648303171875 0.649249690625 1 0.67313105625 1 0.5838336609375
1 0.7794773453125 0.49458822343750003 0.7664753515625 0.4991637171875 0.7532365421875 0.49293396562499997 0.762741796875 0.55130011875 0.7938038671875 0.5688934046874999 0.8896941578125 0.5447758625 0.889704371875 0.485008478125 0.8584755062499999 0.46582825625 0.8473896640625 0.45656440624999994 0.841971640625 0.4499137734375 0.838318715625 0.45791891875 0.8341520375 0.46958810624999997 0.8194691328125 0.47313692031250004 0.7991467328125 0.4828941015625 0.7794773453125 0.49458822343750003
1 0.9544964203124999 0.532750359375 0.948422621875 0.47923805625 0.9344615640624999 0.47468867968749995 0.9276824484375 0.47219226406250003 0.9166103734375 0.4609213859375 0.90185744375 0.45525188906249997 0.8907999265625 0.45480961718749996 0.877908865625 0.456164521875 0.8619482625 0.46466102343750004 0.8903156843750001 0.4865486921875 0.8916110968750001 0.54377215 0.9544964203124999 0.532750359375
1 1 0.473796109375 0.9853942578125 0.334831753125 0.98079458125 0.33183845 0.9606661171875001 0.3327506859375 0.941482946875 0.3447948265625 0.9465548015625 0.3695320703125 0.9497089234375 0.3824373921875 0.9357624265625001 0.3887166234375 0.92862336875 0.4063138484375 0.900853496875 0.387973421875 0.8882826484375 0.4009270390625 0.8805055375 0.433833740625 0.8833543984375 0.4523867734375 0.9015521546875 0.45448527343749995 0.9229591062500001 0.4614609859375 0.939893328125 0.47291796093749994 0.9483801328125001 0.46600568906250006 0.9580942734375 0.532773325 1 0.5265245390625 1 0.473796109375
1 0.7498949734375 0.49784526093750003 0.7278165515625 0.508130303125 0.7111488453125 0.507227315625 0.71438181875 0.5379870109375 0.74535388125 0.553694821875 0.7607342781249999 0.5524575390625001 0.7541775796875 0.51029005625 0.7636994296874999 0.499807715625 0.7745614109375001 0.49601123906250005 0.7992137078125 0.47787043125000006 0.8345840421874999 0.4646713046875 0.8265060859375 0.460589925 0.809155484375 0.461275759375 0.7919495703125 0.46535974687500004 0.7913198671874999 0.4775623203125 0.7785929453125 0.48383038125000005 0.7498949734375 0.49784526093750003
1 0.7618575359374999 0.44993870312500006 0.7644195109374999 0.462185078125 0.7034644078125 0.49476080624999996 0.6961880015624999 0.49628411093749997 0.6850106109375 0.49707963906249997 0.6878493203125 0.524088153125 0.712766078125 0.5347434718749999 0.7103606859375 0.505793103125 0.72342943125 0.5047987859374999 0.7364981765625 0.5038044671875 0.787616015625 0.478710134375 0.790255725 0.47350228281250006 0.7906224625 0.4567762046875 0.783844834375 0.45293741406250004 0.7700269859375 0.44680448593750005 0.7657581453125 0.444598325 0.7618575359374999 0.44993870312500006
1 0.7301512531250001 0.455546740625 0.68135845625 0.484568584375 0.658491128125 0.4812831046875 0.662104978125 0.5116235078125 0.6855637015625 0.5205357609375 0.684077765625 0.4922472796875 0.6970546390625 0.492400403125 0.716637665625 0.48465321093749997 0.757852409375 0.464392359375 0.7632899078125 0.46154528125 0.761134840625 0.4450842546875 0.7656923109375 0.44195040937499996 0.7404210859375 0.43398718281250004 0.7303472640625001 0.43921786718750006 0.7301512531250001 0.455546740625
1 0.490029084375 0.471115603125 0.4858416984375 0.479660759375 0.48102509062500004 0.48049120624999997 0.4709092265625 0.48447224375 0.469326796875 0.495337221875 0.46480238281249997 0.500675784375 0.46191731562499994 0.5077872546875 0.46668052031249996 0.5513780640625 0.4817939125 0.5672964781250001 0.5335753999999999 0.56055721875 0.5288121953125 0.5169664093749999 0.524084928125 0.5100066234375 0.5220967890625 0.49627490781250005 0.5185592859375 0.483354440625 0.5109129296875 0.4779982734375 0.5067700546875 0.480054715625 0.50175123125 0.47896120625 0.49804585156250003 0.47481183125 0.490029084375 0.471115603125
1 0.534590065625 0.43736306718750007 0.52779495 0.4432054703125 0.52054216875 0.45476399843750004 0.5194301640625001 0.4600090859375 0.518280571875 0.4620192515625 0.5214699515625 0.49380281718749997 0.528509390625 0.50898738125 0.5369223578125 0.5156605062499999 0.5443254921875 0.51704165 0.583209940625 0.5129547296875 0.5777571046875 0.45819716875000005 0.5711012171875 0.44810049999999996 0.562080765625 0.44284075625 0.5546122484375 0.4422761984375 0.54792856875 0.4362310390625 0.5406657265625 0.43618467812499995 0.534590065625 0.43736306718750007
1 0.6731247859375 0.41401578125 0.66853416875 0.4012109296875 0.65858778125 0.4046412453125 0.6524645140625001 0.4117581484375 0.6385770625 0.4121956765625 0.6373270843750001 0.42391089531250004 0.6317113609375 0.434040765625 0.6189215265625 0.43947344531250004 0.6079841109374999 0.4443707265625 0.6031706328124999 0.453053471875 0.6059215328125 0.48104254218750003 0.6183815828125 0.4851841546875 0.6286233421875 0.4881961171875 0.6319863640625 0.49295316875 0.6306989546875 0.47162430312500003 0.632503925 0.46700547812500004 0.6448690781249999 0.46298023906249997 0.6564082640625 0.4583604109375 0.666826440625 0.45215489687500005 0.667663434375 0.440142384375 0.6703057343750001 0.4289622296875 0.6731247859375 0.41401578125
1 0.673054621875 0.42424419375 0.66873699375 0.43764463906250006 0.6639472421875 0.4483691 0.6568566671875 0.4589946828125 0.6411054375 0.46712352656249995 0.6336840734375 0.47096985468749997 0.633508325 0.49108969843750006 0.6587826031249999 0.5027427140625 0.6576956734375 0.47968927499999997 0.668715953125 0.47921239687500006 0.6767040046874999 0.48075772812500006 0.688656175 0.4764351953125 0.6954166296875 0.46993272187499996 0.703274365625 0.4629742171875 0.7092679921875 0.45825584687500004 0.703025434375 0.444261815625 0.6937743703125 0.43433170312499997 0.6798154109375 0.4231929046875 0.673054621875 0.42424419375
1 0.72500603125 0.73503175625 0.7217902484375001 0.70938263125 0.703660659375 0.6853010125 0.6951110468749999 0.688055834375 0.6741525203125 0.656846659375 0.6594963046875 0.665811978125 0.6522983625000001 0.696268075 0.6408251593750001 0.720676740625 0.621219215625 0.7320185218749999 0.5881457906249999 0.7438476796875 0.5742914640625 0.725813490625 0.5525956734374999 0.727165696875 0.560571875 0.8080011609375 0.5989208984375 0.8661539703125 0.618398503125 0.8585381249999999 0.61325306875 0.8145295890625001 0.638708025 0.78957949375 0.6888488171875 0.776884596875 0.7030890750000001 0.7985906671875 0.7091975046875 0.8220795375 0.7225038796875001 0.8151123140625 0.7320820296874999 0.8122493859375 0.738282375 0.7624078062499999 0.72500603125 0.73503175625
1 0.4595384046875 0.628357390625 0.4571581953125 0.600764221875 0.4796567890625 0.5872621890625 0.473227053125 0.5656633109375 0.4565456171875 0.5702009328125001 0.4367148515625 0.5843506781250001 0.4097798859375 0.585325434375 0.4119352734375 0.6157265656249999 0.42363604062500004 0.633058990625 0.4595384046875 0.628357390625
1 0.48139347499999996 0.60378565625 0.46750729062499996 0.5903953750000001 0.45738301718749996 0.59795625625 0.45924895625 0.6256034781250001 0.47699352968750003 0.6608628999999999 0.479370996875 0.643907015625 0.491937365625 0.624952121875 0.51086884375 0.6220342328124999 0.5238857703125 0.6123130984375 0.5459665765625 0.5997830859375 0.534265809375 0.5824506609375 0.526262321875 0.5805075265624999 0.516652315625 0.5880143578125 0.5021562953125 0.588609840625 0.492192215625 0.5878008859375 0.48139347499999996 0.60378565625
1 0.5579439984375 0.41197383906249996 0.56810195625 0.4294684203125 0.569324375 0.4460459421875 0.5794495640624999 0.4533347421875 0.5829866499999999 0.4770938734375 0.6006001421875 0.4715301765625 0.603491878125 0.45452023906249994 0.609340890625 0.44091192343749996 0.611268715625 0.42957196875000003 0.6039069234375 0.4089991609375 0.590598721875 0.38626701875 0.5777738484375 0.3829744109375 0.5595823734375001 0.39787996875 0.5579439984375 0.41197383906249996