1 0.8981842078125 0.7593402046875 0.8990753984375001 0.7851889953125 0.8920197078125 0.8524780218749999 0.9744890890625 0.8522130234375 0.9784844140625 0.769855734375 0.96145600625 0.7580690984375 0.9543076328125 0.7720289609375001 0.9178806265624999 0.73858401875 0.916959465625 0.7133070359375 0.9029006015625001 0.699955890625 0.8807934140624999 0.699370684375 0.8796237640625 0.7033230406250001 0.8810843328125 0.71830745625 0.89622295 0.7294216734375001 0.8927942203124999 0.7458699921874999 0.8981842078125 0.7593402046875
1 0.7991734203124999 0.6742186265625 0.7865783375000001 0.689974796875 0.775629103125 0.701713159375 0.7641159890625 0.7077788859374999 0.7774642953125 0.7269467203125 0.8016286078125001 0.7533505046875 0.812954865625 0.7672822921875 0.8217133515624999 0.7754364218750001 0.8256778390624999 0.8038596234375 0.8219942796874999 0.8467592343750001 0.8892852281250001 0.8389996296875 0.8942013062499999 0.7561500015625 0.8899427171875001 0.7497707250000001 0.892518325 0.7334894546874999 0.8803332515625 0.7195126593750001 0.877442903125 0.7034579390625 0.8618770343750001 0.7046941984374999 0.856116146875 0.7105483765625 0.8467401593749999 0.6977448140625 0.8352893265624999 0.6971447015625001 0.828472453125 0.6957614296875 0.8149719359375001 0.6740205765625 0.7991734203124999 0.6742186265625
1 0.7016877390625 0.7947556265625 0.728692759375 0.8053725375 0.7450797015624999 0.82788225 0.7695086546875001 0.8529785203125 0.8108602921875001 0.855686940625 0.8198706484375 0.7820047828125001 0.7735513843749999 0.7238261968749999 0.7702006203125 0.7241918625 0.751936578125 0.7259410500000001 0.7365040796875 0.7256735421875 0.72079783125 0.7248504125 0.70963136875 0.7183112 0.6887055140625 0.718838340625 0.676275175 0.73063616875 0.677861996875 0.7523702421875 0.6806195625 0.7806609453125 0.7016877390625 0.7947556265625
1 0.9549510968750001 0.6781442328125 0.9479301390625 0.6871401265625 0.9401534359375001 0.6855620859375 0.9271310906249999 0.6840992906250001 0.9162385625 0.6878202 0.9089656906249999 0.693291446875 0.905359840625 0.6954434375 0.909721434375 0.7038653796875 0.9176073109375 0.71169170625 0.9202008078125001 0.737188040625 0.9549489265625001 0.7698317671875 0.962411909375 0.7565672796875 0.9783875796875 0.7683290140625 0.9788926703125 0.800348621875 0.9849677578125 0.7999252390625 0.9897570124999999 0.7085408015625 0.9881133796875 0.6993902046875 0.9808536796875 0.6962786171875 0.9733696765625 0.6974470390625 0.9680622265625001 0.6862444 0.963959134375 0.6770556828125 0.9549510968750001 0.6781442328125
1 0.763095315625 0.55724503125 0.7496876609375 0.55970645625 0.7377209453125 0.5515645953125 0.737972196875 0.6101134171875 0.76558891875 0.6321273281249999 0.8629810984375 0.6233885453125 0.8722408250000001 0.5649426625 0.844706784375 0.5413510390625 0.8353125171875 0.5305754171875 0.8310497984375 0.523232815625 0.8262429499999999 0.5304956109375001 0.8203672453124999 0.5412619921874999 0.8054766703125 0.542459165625 0.784116965625 0.5488544640625 0.763095315625 0.55724503125
1 0.9281370265625 0.621661578125 0.9304862140625 0.568390684375 0.91755399375 0.5617802671875001 0.9113189234375 0.5582894125 0.9022487171875 0.5455532171875 0.8887163953125 0.5377248171875 0.877984546875 0.5355803390625 0.8651836703125 0.5349094734375 0.8482794015625 0.54074725 0.87259955 0.5665435078125001 0.8650087843750001 0.6227037875 0.9281370265625 0.621661578125
1 1 0.47191472343749996 0.9978372125 0.46988200156250004 0.99886345 0.4418544921875 0.9849170671874999 0.42925825937499995 0.965115653125 0.42703397499999995 0.944514740625 0.43584210937499995 0.945640215625 0.46081829374999994 0.9467237078125 0.4739269453125 0.9321298453125 0.47790825000000003 0.9224334671875001 0.494011553125 0.8981479859375 0.4717767125 0.883864828125 0.48249798593750004 0.871175903125 0.5134738796875 0.8710871812500001 0.53205825625 0.888536853125 0.536927865625 0.9083662546875001 0.5470638390625 0.92313344375 0.560889621875 0.9324925875 0.555443965625 0.93164763125 0.6222410703125 0.99425025 0.6228047234375 1 0.5130929703125 1 0.47191472343749996
1 0.7336970234375 0.5558500734375 0.7105404515625 0.5624897015625 0.6944002171875 0.559026090625 0.6927975390625 0.589607021875 0.7206181484374999 0.6097631640625 0.7358322515625 0.6109344625 0.7359540203125 0.568683084375 0.746876646875 0.5599064515625 0.7580735078124999 0.5578755156249999 0.7849598578125 0.54395210625 0.8215501375 0.536520659375 0.8142917359374999 0.5312787515624999 0.7972386031250001 0.5292631453125 0.779800884375 0.5305930484375 0.7772973296875 0.54242864375 0.7638963999999999 0.5465878421875 0.7336970234375 0.5558500734375
1 0.75279545 0.510853590625 0.7534025515625 0.5232261703125001 0.6888238859375 0.5456451609374999 0.681480990625 0.546008259375 0.6704404921875 0.5450556890625 0.6690332625 0.5719072390625 0.6917213624999999 0.5861849593749999 0.6938523562500001 0.5575015265625 0.706770978125 0.5585525265625 0.7196895999999999 0.559603525 0.7735019984375 0.5429776625 0.7768862828125 0.5382935140625 0.7798330578125 0.5219935984374999 0.7738071921875 0.5171902453125 0.7612599234374999 0.5090534203125 0.7574318156250001 0.5062350624999999 0.75279545 0.510853590625
1 0.72095880625 0.5114288796875 0.6688095359374999 0.5322554890625 0.6469826171874999 0.52550215 0.6458168453125 0.5557320171875 0.6673505890625 0.568079428125 0.6702772140625 0.54018561875 0.682928521875 0.5423444953125001 0.7032549828125 0.5378003234375 0.7466466078125 0.5243679578125 0.752398240625 0.5224256140625 0.752840853125 0.505994459375 0.757777309375 0.5036354296875001 0.7343263546875 0.49193546875000005 0.72367735625 0.495490965625 0.72095880625 0.5114288796875
1 0.48401289218750004 0.489477184375 0.478600440625 0.49718532031249996 0.47376735468750003 0.49725169999999996 0.46327069062500004 0.4995786375 0.4600435796875 0.509958671875 0.45479820625 0.514478846875 0.45087966249999994 0.5209865859375 0.4487858421875 0.5643521812500001 0.4610840921875 0.5822589687499999 0.5127040203125001 0.5836855703125 0.5147978421875 0.5403199734374999 0.5112576546875001 0.5327819953125 0.51144091875 0.519045721875 0.509985309375 0.5058629015625 0.50334575625 0.49944118125000003 0.49898099374999993 0.500810790625 0.4942481515625 0.49896439531250003 0.4912711328125 0.494332975 0.48401289218750004 0.489477184375
1 0.5327609203125 0.46336917031249997 0.5252196859375 0.4680304984375 0.5163467921875 0.478210859375 0.5144489140624999 0.483167946875 0.513014965625 0.48495573593749997 0.5112112484375 0.5165311765625 0.5157369359375 0.532470275 0.5229214515625 0.540298559375 0.5299386234375 0.5427953875 0.56855104375 0.5448189796875 0.5716994671875 0.49042646875000007 0.5667609953125 0.47952228437500005 0.5587643875 0.472982115625 0.5515569796875 0.4712737171875 0.5459643390625 0.46432726718749995 0.5388776203125001 0.46315746406249997 0.5327609203125 0.46336917031249997
1 0.6716863265625 0.461986025 0.6691842078125 0.44875322031250003 0.6589383078125 0.45056783749999996 0.6518560515625 0.4565795375 0.6382239375000001 0.454857290625 0.6351899578125 0.4661202578125 0.62813714375 0.4751569671875 0.6148040531250001 0.47848949375 0.603363146875 0.4815852453125 0.5973178781249999 0.489330996875 0.595673128125 0.5171278515625 0.607202365625 0.5231071203125001 0.616739740625 0.5276382359375 0.6192883203124999 0.5328109078125001 0.6213317671875 0.51175375625 0.6238095718750001 0.5075163875 0.6365100421875 0.50549446875 0.648495778125 0.5027632093750001 0.659631990625 0.498307728125 0.6623085984375 0.4866900890625 0.6666197 0.47616593125 0.6716863265625 0.461986025
1 0.67003481875 0.471977684375 0.6637437421875 0.48441371875000006 0.6574056640625 0.4941597671875 0.6488355890624999 0.503452896875 0.6321927265625 0.5089635515625 0.6243487296875 0.5115759265625 0.621063271875 0.5312242281249999 0.6439461703125 0.5465329671875 0.6464523328125 0.5238203625 0.6572900609375 0.5250602234375 0.664853134375 0.5278081703125 0.6771962390625 0.5254315828125 0.6848057703125 0.52011939375 0.6935576359375 0.5145311328125 0.7001420656249999 0.510844921875 0.6962104734375 0.49619344062500004 0.688711415625 0.4850503375 0.6768010375 0.471996346875 0.67003481875 0.471977684375
1 0.6726794734375 0.7839450593749999 0.67350801875 0.7583644953124999 0.6595270921874999 0.7320078031249999 0.6507500171875 0.7333780984375 0.6351090390625 0.6996132687500001 0.6194062609375 0.706111459375 0.607662296875 0.7347805375 0.5926784359374999 0.756873825 0.5717732843750001 0.7649296546875 0.5376385046875 0.77137700625 0.5268974734375 0.75159610625 0.5054971 0.7495594156250001 0.500777459375 0.8298445937500001 0.5292345328125 0.8926504968750001 0.5494376953125 0.8882184484375 0.551222828125 0.8443851718750001 0.5799469875 0.8239271265625 0.6308860984375 0.8192755953124999 0.6414358140624999 0.8427070406249999 0.643766953125 0.8666229078125 0.657842059375 0.8618697 0.667640475 0.860552928125 0.681410196875 0.8127720281249999 0.6726794734375 0.7839450593749999
1 0.4298963515625 0.638525703125 0.43184189999999995 0.611173396875 0.45590673906249995 0.6014528718750001 0.45296926875 0.5793355109375 0.435973621875 0.5811902328125 0.41441431093750003 0.5919572093750001 0.3879550515625 0.5887402515625 0.3853553453125 0.6188037015625001 0.39410151875 0.637564915625 0.4298963515625 0.638525703125
1 0.4550458125 0.6178803140625 0.4435549640625 0.602635828125 0.432496059375 0.6084622515625 0.43003983906250004 0.6357877953125 0.44191480156249996 0.673015825 0.4468611 0.656802490625 0.46206865468749997 0.6402117828125 0.48101132968750004 0.6402893828125 0.49522992343750005 0.6327982671875 0.5187362609374999 0.6239636156249999 0.5099900875000001 0.6052024031250001 0.5024735015624999 0.602063046875 0.4919252671875 0.607916234375 0.4776742953125 0.60625423125 0.468067196875 0.6039204609375 0.4550458125 0.6178803140625
1 0.5595008921875 0.4421564 0.5667150515625 0.46083732343749995 0.5653434546875 0.4772380015625 0.574105078125 0.485933459375 0.5738828625 0.5097155124999999 0.59194768125 0.50700168125 0.5974046484375 0.490815109375 0.605223659375 0.47841289218750005 0.6088616390625 0.46762184375000004 0.6048549953125 0.44636359062500003 0.595374453125 0.42207303906250004 0.583357484375 0.41686754531250003 0.5632823578124999 0.42862744375000006 0.5595008921875 0.4421564