1 1 0.5188817671875 0.9165953531250001 0.5089555515625 0.9089043109375 0.5304324859375 0.8839609578125 0.556463359375 0.8830439578125 0.5719313125000001 0.8821376671875001 0.5828018390625 0.884487375 0.5851712124999999 0.8864149125 0.5758229625 0.8980247468749999 0.5777506765625 0.8977826875 0.58904475 0.902112053125 0.5905609890625 0.942415521875 0.6004568124999999 0.9789910171875 0.6053622546875 0.9794192609374999 0.5990400390625 0.99180364375 0.6003416890625 0.992123703125 0.6011418468749999 1 0.5262038875 1 0.5188817671875
1 0.8966725453125 0.5793772265625 0.886034153125 0.5771978828125001 0.8844636328125001 0.5876448609375 0.8723259484374999 0.5884915484375 0.848900990625 0.5955803265624999 0.8321635000000001 0.595236084375 0.830740071875 0.6042835828124999 0.8277889671875001 0.6053883484375 0.8262254078125 0.6359989453125 0.8313684140625 0.643260459375 0.9435227953125 0.6730888390625 0.9877020390625001 0.6432111734375 0.9914560359375001 0.6074942812499999 0.990908065625 0.6066147875000001 0.9899710765625 0.59979534375 0.9789886984375 0.59864105 0.9778855140625 0.609137146875 0.8971314890625001 0.5907449796875001 0.8966725453125 0.5793772265625
1 0.8080380859374999 0.532565475 0.8043799093749999 0.5516364031250001 0.806145003125 0.5348426484375 0.7987044125 0.533706875 0.795487509375 0.5485793640625001 0.7894014406250001 0.552538246875 0.7543750390625 0.546380678125 0.7511604546874999 0.5679743734375 0.7496113578125 0.569226496875 0.7451641671875 0.6182819609375 0.825340540625 0.6376746171875001 0.827936059375 0.60398886875 0.8307140093750001 0.600036025 0.8318064828124999 0.59413735625 0.8418043875000001 0.593419503125 0.8497123109375 0.594604396875 0.88308536875 0.5850238546875 0.8850771734375 0.5480910421875 0.8080380859374999 0.532565475
1 0.8534660046875 0.49595316250000004 0.84552130625 0.495118140625 0.8426009046875 0.513912878125 0.8180857937500001 0.53362153125 0.88545793125 0.5467161203125 0.8856073421874999 0.552037846875 0.90355601875 0.5341151765625 0.9132658125 0.5181564437499999 0.9145160875 0.5062608671875 0.9078998484374999 0.5062729421875 0.9026902531250001 0.5198747859374999 0.853643796875 0.5122436515625 0.8534660046875 0.49595316250000004
1 0.7437253890625 0.6184844734375 0.7462021984375 0.5971669687500001 0.7500656625000001 0.5671518375 0.7518675296875 0.5500082125 0.7533537921875 0.544858403125 0.7647797625 0.5485354640625 0.7793905046875 0.5511323203125 0.7932979234374999 0.546934290625 0.7958268562499999 0.5341119015625 0.8053941968749999 0.5329950609375 0.8154786765625 0.533701246875 0.8416294609375001 0.514164509375 0.8426958718750001 0.5040182828125 0.8362029828124999 0.5051045265624999 0.8354628875 0.4986595109375 0.813448328125 0.4945770140625 0.8079790046875001 0.503906740625 0.7793114343750001 0.5001861890625 0.77646833125 0.4935201375 0.7638242187500001 0.48794637031250004 0.7613605671875 0.49794574062499997 0.7302683109375 0.5240378078125 0.7306206890625 0.511694121875 0.7115702609375 0.5086306390625001 0.7049893625 0.5397750968749999 0.69754038125 0.54995795625 0.6823068203125 0.560030096875 0.6845369328124999 0.536564253125 0.6776004484375 0.53512773125 0.6698995812499999 0.59940555 0.7437253890625 0.6184844734375
1 0.5461851046875 0.5941622062499999 0.538646584375 0.5959591953125 0.5334095999999999 0.647842471875 0.5983766703125 0.667293715625 0.6535709859375001 0.6378154015625 0.65661880625 0.6005906171875 0.6495632671875 0.59984905 0.6478451546875 0.6100257453125 0.5993865765625 0.5939279390625 0.599730721875 0.5803701859375 0.5901214578125 0.5813022 0.5896308 0.594197225 0.5455598578124999 0.60833774375 0.5461851046875 0.5941622062499999
1 0.56601885625 0.556007084375 0.5480599203125001 0.534859784375 0.53752964375 0.56330674375 0.5236169171875 0.5585238140625 0.52130324375 0.54466599375 0.5063527375 0.543426696875 0.42340153750000004 0.564593975 0.41635944843750006 0.631594971875 0.49789615937500004 0.6597566265625 0.5330673359375 0.6458538515625001 0.5391917937499999 0.5960237609375 0.545944975 0.5950732249999999 0.5470115734375 0.6081358421874999 0.5598008953125 0.6025067015625 0.5883814359375 0.592228059375 0.590499390625 0.574187121875 0.5806730921875001 0.5685054328125 0.5762371078124999 0.5600696453125 0.56601885625 0.556007084375
1 0.9502020218749999 1 0.9733847250000001 0.779431315625 0.9526449359375 0.7683047562499999 0.9345851859375 0.763788528125 0.9140146640625 0.763197321875 0.8807779796874999 0.7733179703124999 0.864163071875 0.7883273203125001 0.8590202375 0.8139674890625 0.8559806218749999 0.8162696421875 0.8069716734375 0.8566730140625 0.7902822359375 0.9722084203125 0.8398184328125 1 0.9502020218749999 1
1 0.8498763468750001 0.79782161875 0.849997634375 0.780031490625 0.7472494921874999 0.7476994109375 0.7089887921875 0.774112303125 0.694083209375 0.8893115890625 0.7948742421875 0.9318456078124999 0.8069176109375 0.857187384375 0.8512667546875001 0.8178650890625001 0.8498763468750001 0.79782161875
1 0.6126453875 0.6959163828125 0.5905383265624999 0.72658051875 0.5792047046875 0.747904709375 0.5730482515624999 0.8430790046875 0.6095715015625001 0.8615789453125 0.6707070296875 0.8821421265625 0.6949472671875 0.861127246875 0.7090976578125 0.7730765171875 0.7412546765625 0.7466103578125 0.7358259453125 0.73504388125 0.7294264140625 0.70609610625 0.724670165625 0.6914586265625 0.6565115015625 0.681153178125 0.6364501625 0.679044646875 0.6126453875 0.6959163828125
1 0.49957139687499996 0.7490038015625 0.42760058125 0.7107273890625 0.3267215546875 0.745940803125 0.316481625 0.8465664953125 0.38917324375 0.8939812187499999 0.40354185 0.8884427687500001 0.41327363281249996 0.7862532437499999 0.49957139687499996 0.7490038015625
1 0.3920217015625 0.6269353718749999 0.378311659375 0.6134109859375 0.36108498437500003 0.6045517406250001 0.34377548125 0.6092776140625 0.32774726875 0.6242076562500001 0.3187861046875 0.6262866500000001 0.3037642796875 0.61564524375 0.2783648328125 0.6109617515625 0.26611494375 0.6187367874999999 0.25477666718749997 0.6306354375 0.2518238265625 0.64593280625 0.250096634375 0.662365946875 0.257371 0.6923320625 0.25965003593749997 0.7026411015625 0.23923523593749998 0.7881000703125001 0.2541185890625 0.8032581984375 0.29423243125 0.8407036859374999 0.3033844046875 0.833609996875 0.31521557968749997 0.8298187531250001 0.3261948609375 0.7413541703125001 0.4052500109375 0.7154269 0.40480944843750005 0.70682151875 0.3936739296875 0.6975955296875 0.3999307421875 0.670058546875 0.3984334921875 0.642713528125 0.3920217015625 0.6269353718749999
1 0.5056879921874999 0.5180481765625 0.43860783124999997 0.5004247937499999 0.3653940828125 0.5123652437499999 0.3551846421875 0.599903790625 0.41615840625 0.624437490625 0.42249144687499995 0.5641826453125 0.5032280515625 0.5414529515625001 0.5056879921874999 0.5180481765625
1 0.3554277921875 0.5943911203125001 0.3608896109375 0.545624628125 0.364257865625 0.5167770968750001 0.3502370875 0.5158069296875001 0.31843575468749996 0.5240444 0.2961560703125 0.531268734375 0.2881403125 0.5339505703125 0.2820809140625 0.575605603125 0.3458014640625 0.596400203125 0.3554277921875 0.5943911203125001
1 0.576564575 0.5631531828125 0.5914559359375 0.5746168953125 0.661157953125 0.5978666578125 0.668978275 0.583625565625 0.67151823125 0.5731332140625 0.6746500140625 0.5433362984375 0.6670635984375 0.5416781890625 0.6381682859375 0.5321855796875 0.619060103125 0.5280253671875 0.5782618640625 0.538800340625 0.576564575 0.5631531828125
1 0.4812276046875 0.48298213749999996 0.47337275156249997 0.48387804843750004 0.467808090625 0.48759690468750005 0.46061130156249996 0.48770123749999994 0.45043736875 0.48878377500000003 0.43104489218750003 0.4845936828125 0.4272652578125 0.501411328125 0.47727183125000006 0.5096798390624999 0.4812938421875 0.5014951187500001 0.4835812125 0.49614068749999996 0.495895265625 0.4965742015625 0.5016258515625001 0.4967461390625 0.5109469078125 0.49557395781249997 0.5097463203125 0.4851188296875 0.5065268046875 0.47746411093749996 0.498569440625 0.48480483750000003 0.48975637499999997 0.48387854687500004 0.4812276046875 0.48298213749999996
1 0.5575289390625 0.509077378125 0.5636015921875 0.5032600515625 0.5540251296875 0.5013927781249999 0.54578065 0.5005262484374999 0.5285282953125 0.49785220781249995 0.5199389296875 0.49479756718749995 0.48374714062499996 0.50003148125 0.48116244375 0.5109495046875 0.505522109375 0.514370553125 0.503569415625 0.53568394375 0.5039301546875 0.5404559578125 0.512982771875 0.5418377984375 0.5221118359375 0.5479617718750001 0.526928953125 0.5458858359375001 0.5274918921875 0.529590846875 0.531555821875 0.51280308125 0.5378391406249999 0.5104508765625 0.5575289390625 0.509077378125
1 0.5732108375 0.5567754734375 0.57810158125 0.5512642953125 0.5810889328125 0.536515240625 0.5953165859375 0.532415784375 0.6152748234375001 0.5284882640624999 0.61678294375 0.5196089484375 0.6079092859374999 0.516524428125 0.599035628125 0.51343990625 0.593768290625 0.5115951703125 0.5855238125 0.510728640625 0.5766343 0.505060215625 0.5644544687499999 0.5033496921875 0.5450517828125 0.5129304453125 0.5328878031250001 0.5138038218750001 0.531258496875 0.5183666734375 0.52998993125 0.5277015375 0.52906625 0.5392245140624999 0.5288006328125 0.5499559109375001 0.5311672734374999 0.5575209890624999 0.5417886046875 0.552181746875 0.545136696875 0.5422047046875 0.5484559046874999 0.5352372328125 0.5732108375 0.5567754734375
1 0.5997384328125 0.5122226578125 0.609135934375 0.515792609375 0.6184411359374999 0.5120365265625 0.623479128125 0.4996548640625 0.625897896875 0.484846046875 0.6395280765625 0.4836964015625 0.638782278125 0.44703634843750006 0.6341152328125 0.45041917500000006 0.63049588125 0.45477286406250006 0.623657009375 0.45147183437500005 0.59706774375 0.447386071875 0.5937428921875 0.43799879375 0.5878650546874999 0.444697340625 0.587165071875 0.4540919671875 0.5760833140625 0.4692813828125 0.564088084375 0.482222928125 0.5507319875000001 0.497173303125 0.5876769656249999 0.5066512203125 0.5997384328125 0.5122226578125
1 0.21224191874999998 0.687779253125 0.205093465625 0.69141790625 0.20029124843749999 0.6899000984375 0.192366059375 0.6880540546875 0.1901478015625 0.689847053125 0.18548326875 0.7471019859375 0.240344584375 0.7808965125 0.250883565625 0.7364158921875 0.25656920156249996 0.71236201875 0.25645724531249997 0.6941149265625 0.2475936 0.660427275 0.2490204625 0.6447057578125001 0.23419476874999998 0.6505767203125 0.2260509375 0.6615399609375 0.22126558749999997 0.6748823390625 0.2212349125 0.688049071875 0.21224191874999998 0.687779253125