1 0.9728014593750001 0.4840920640625 0.9715055093749999 0.47805975156249997 0.9834456375 0.47595438437500004 0.987955065625 0.481767896875 0.9971263374999999 0.44815099375 0.9869929515625 0.39463385156249997 0.8885305734375001 0.4106041328125 0.8870963296875001 0.43276990625 0.8707374859374999 0.46382811406249996 0.87403051875 0.478551696875 0.8760997250000001 0.48896936718750006 0.878934753125 0.49055641562499996 0.8782299 0.4812894671875 0.889613134375 0.4799779421875 0.8924176781250001 0.4906137765625 0.8968765453125 0.49087102812500005 0.9372532 0.48931671093749995 0.9728014593750001 0.4840920640625
1 0.9709954578125 0.47780186406249997 0.9727798968749999 0.4879219234375 0.8922645140625001 0.4923799015625 0.8887841140624999 0.4818632390625 0.8782425390625 0.4826785328125 0.8795764078125 0.49287803906249994 0.8684437390624999 0.4969279703125 0.8484223312499999 0.5098495171875 0.8326649906249999 0.5140192546875 0.833760934375 0.5228694218750001 0.8312954328125001 0.5246954500000001 0.83804730625 0.5537655546875 0.8448095875 0.5591818281250001 0.9577824296875 0.5570006640625 0.9919351093750001 0.5161962796874999 0.991477103125 0.5030597453125 0.992268203125 0.49700725312499994 0.9881587890624999 0.4855580328125 0.984291015625 0.4820661453125 0.9815838734375 0.475934840625 0.9709954578125 0.47780186406249997
1 0.7932660578124999 0.46183636093749997 0.794960534375 0.48066787031249997 0.7921054296875 0.46447577500000004 0.7848368125 0.4654096046875 0.7858175125 0.480193090625 0.7811839203125001 0.4855318234375 0.746749446875 0.48916878593749996 0.7495361484374999 0.5102424703125 0.748422359375 0.5118301546875 0.7574256 0.5589379250000001 0.83766885625 0.555571403125 0.8310575078125 0.523346109375 0.8325965875 0.5189008453125 0.8320359749999999 0.5130866984375 0.8412005578124999 0.50973161875 0.84891974375 0.508718340625 0.877583040625 0.49079475937500006 0.8695352203125 0.45569234375 0.7932660578124999 0.46183636093749997
1 0.8259569828125001 0.4153767234375 0.818297278125 0.4167273359375 0.8206081265625 0.43510233749999994 0.8029533343749999 0.46012823281250004 0.869522578125 0.454303278125 0.8710906546875 0.4592441359375 0.8830791109374999 0.43765213281250004 0.8878837140625 0.420109425 0.8858613500000001 0.40864002499999996 0.87967231875 0.410426965625 0.8784470046875 0.424555959375 0.8304954062500001 0.4305763546875 0.8259569828125001 0.4153767234375
1 0.75613336875 0.55951360625 0.75273029375 0.5388964265625 0.7482907578125 0.5097664187500001 0.7453761734375 0.4932369890625 0.7453850953125001 0.4880180625 0.7570657375 0.48839321562500004 0.7714371625 0.48690261562500003 0.7833267328125 0.47924098906249996 0.78225235 0.4665609625 0.79090688125 0.46294799375 0.8005346734375 0.46090253125 0.819766465625 0.43559856874999997 0.8180415078125 0.42581584531249994 0.8122562078125 0.42857506718750005 0.8098338328124999 0.42274137500000003 0.7881343078125 0.42482846875 0.7855193609375 0.4350286109375 0.7576902890625 0.43923998124999997 0.75324034375 0.433763803125 0.7399105828125 0.4319403171875 0.7402884249999999 0.44196057343749995 0.7181911203125 0.474726275 0.7152081328125 0.46307843281250005 0.69655628125 0.46532378750000003 0.6987556046875001 0.49624009999999996 0.69451681875 0.507770040625 0.6829625734375 0.521285540625 0.6787520406249999 0.4987237984375 0.671874515625 0.49924084375 0.6819179359375 0.5614694359375 0.75613336875 0.55951360625
1 0.5647238734375 0.5897638093750001 0.5581506953125001 0.5934688859375 0.567173678125 0.6434353578125 0.633197965625 0.6442054781250001 0.676944071875 0.60180195625 0.6698062375 0.5661428578125001 0.663003796875 0.5673423109375 0.6641269921874999 0.577328453125 0.614453325 0.5752665578125 0.611136803125 0.5624845984375 0.60239343125 0.5659358265625001 0.60539496875 0.5781368140625001 0.5679431078125 0.603199434375 0.5647238734375 0.5897638093750001
1 0.5730466468750001 0.54872900625 0.5505630265625 0.5337555921875 0.5483420984375 0.56320705625 0.534037259375 0.5624642343749999 0.528152696875 0.5501147171875 0.5138276187499999 0.5529671296875 0.44187278125 0.595041078125 0.453263609375 0.65964166875 0.5371334453125 0.6641175515625 0.5663196421875 0.64166593125 0.5586782953125 0.593382996875 0.5647436296875 0.5906809390625 0.5692476125 0.6026208578125 0.5797066515625 0.5939198265625001 0.6036971796875 0.576629040625 0.6008376078125 0.559174925 0.590116134375 0.5564941984375 0.5837004171875 0.5497890953125 0.5730466468750001 0.54872900625
1 1 0.6454303375 0.9918739734375001 0.64367138125 0.9737594312500001 0.6442911453125 0.9543484015624999 0.6492584234375001 0.925957690625 0.6676509296875001 0.914435659375 0.6861582109375 0.9165036609375001 0.7115367546875 0.914276675 0.7145072515625001 0.8792516328125 0.7654762546875 0.8946389265624999 0.8780925265624999 1 0.90298906875 1 0.6454303375
1 0.9036124984375 0.6988787656250001 0.8989515171875 0.68219525625 0.794110221875 0.6795086328125 0.7653899296875 0.71449845 0.7823565640625 0.82632138125 0.8881041484375001 0.839081915625 0.87933908125 0.7659721953124999 0.9102930546874999 0.717265625 0.9036124984375 0.6988787656250001
1 0.6542340671875 0.6671659484375 0.641773234375 0.7017995421875 0.636888834375 0.72479993125 0.6566696656250001 0.8155320953125 0.6958175046874999 0.8230454609375 0.7585541953125 0.825884609375 0.77560116875 0.7997099000000001 0.7652138359375 0.7134997734375 0.788207275 0.6800981796875 0.7800222171875 0.6707292875 0.7662637921875 0.6453526296875001 0.7578839328125 0.6329289046875 0.6913271078125 0.6415754859375 0.6719854125 0.6449859484375 0.6542340671875 0.6671659484375
1 0.5626534000000001 0.7472002953125 0.4850218875 0.7306900890625 0.40005772500000003 0.7907221375 0.41747978906250005 0.8876525296875 0.498238446875 0.9125224390625 0.5101999078125 0.9034824531250001 0.49188255937500003 0.8052247390625 0.5626534000000001 0.7472002953125
1 0.429234884375 0.661812103125 0.41277372031250004 0.6528331796875 0.39427329375000003 0.649164446875 0.379341309375 0.6582331546875 0.36834709375 0.676508753125 0.36051811875 0.6808595796875 0.3436029609375 0.6749310765625001 0.318574159375 0.6773640828125 0.3091958984375 0.6879288265625 0.3017775265625 0.702108478125 0.3031193953125 0.7172187703125 0.305913190625 0.73306316875 0.3207636921875 0.7591581781250001 0.3256634171875 0.7681954515625 0.3294921875 0.8536609937499999 0.34748993906250003 0.8638541578125001 0.39508286875 0.888136284375 0.40174458749999997 0.8790406624999999 0.41180013125 0.8723169859375 0.3983338265625 0.7865705562499999 0.46536479062499997 0.7410870234375 0.46264295625 0.7331509140625 0.44974493750000005 0.727504203125 0.44821046718749996 0.7000513421875 0.4394703328125 0.6748591546875 0.429234884375 0.661812103125
1 0.5063944109375 0.5293920953125 0.43888299531249997 0.5308998921875 0.373565346875 0.56172454375 0.387503634375 0.6463976312499999 0.45115453125 0.6529964640625 0.440910615625 0.5949003312500001 0.5103734515625 0.5519583625 0.5063944109375 0.5293920953125
1 0.3862517171875 0.641172703125 0.37827564375 0.594063096875 0.3736859890625 0.5661588234375 0.36030328749999996 0.5690136171875 0.332750546875 0.5852583171875 0.3138374046875 0.5979993796875 0.3070550453125 0.6026607203125 0.31256326562500003 0.6432746171875 0.377781440625 0.645636609375 0.3862517171875 0.641172703125
1 0.584834459375 0.5525872984375 0.6018481999999999 0.559320465625 0.6733234625 0.5623751265625 0.6768206515624999 0.5469471609375 0.67638191875 0.5364450109375001 0.6713161515625 0.5077156109375001 0.6637708703125 0.5081996875 0.634179553125 0.5070697281250001 0.615179309375 0.5083040828125001 0.5798871937500001 0.52933835 0.584834459375 0.5525872984375
1 0.474090453125 0.50313604375 0.4669793828125 0.5060826375 0.46276936874999997 0.51105678125 0.4560617515625 0.5130858765624999 0.44683029375 0.516829534375 0.42755595468749996 0.51811221875 0.4285320203125 0.5348673265625 0.47755326875000004 0.5291858234375 0.4791209421875 0.520445790625 0.479824721875 0.51482035 0.49146603593749993 0.5119213109375 0.49687555000000005 0.5105442874999999 0.505284725 0.5069456203125 0.5013551359374999 0.4974821828125 0.4962875609375 0.491181665625 0.49081020000000003 0.5001879015624999 0.4823132796875 0.5016861375 0.474090453125 0.50313604375
1 0.5525058171875 0.5070828781250001 0.556628084375 0.500008303125 0.5471641453125 0.5008306890625 0.5392154140625001 0.502232265625 0.5223509328125 0.50435956875 0.5134921718750001 0.50380570625 0.4810242234375 0.5184174687499999 0.48153532187500003 0.529330040625 0.505252159375 0.5259944812499999 0.509144659375 0.5464671515624999 0.510762990625 0.55083678125 0.5196063734374999 0.5497006343749999 0.52979399375 0.552982446875 0.5337452921875 0.54974664375 0.5298989265625 0.53434400625 0.5291969562500001 0.5175405640624999 0.5344463562499999 0.5136526906250001 0.5525058171875 0.5070828781250001
1 0.5799839859375 0.547518040625 0.5830822453125 0.5410472078125 0.5819198328125 0.52644085625 0.5941355671874999 0.5187855484375 0.6117608203125 0.509753215625 0.6107892781250001 0.501037734375 0.601656421875 0.5005322015625 0.59252356875 0.50002666875 0.587098675 0.49971368125 0.57914994375 0.5011152578125 0.5693087859375 0.498195534375 0.557450365625 0.49986331249999993 0.5418622765625 0.5140377859374999 0.5307121625 0.5181197531249999 0.530411834375 0.52282769375 0.531729840625 0.5319052640625 0.5339578734375 0.5429382734375 0.5365893578125001 0.5530537828125001 0.540834653125 0.559499290625 0.549342428125 0.5516514328125 0.5497983453125 0.5414147109375 0.5510349359375 0.5340025984375 0.5799839859375 0.547518040625
1 0.5928546531250001 0.498698746875 0.6026080640625 0.49951804062500005 0.610308934375 0.493505184375 0.6117011156250001 0.4805642921875 0.6099905140625 0.4660546015625 0.6224387328125001 0.4613205625 0.611901934375 0.42720814687499997 0.6084418359375 0.43162687968749996 0.6062228484375 0.43667313124999996 0.598936284375 0.4354188671875 0.5729543265625 0.438730646875 0.567323184375 0.4308367796875 0.5636197453125 0.4386838625 0.5654859390625 0.4476647734375 0.55919081875 0.46485562812500003 0.5514374828124999 0.4801877046875 0.5429496078125 0.497765203125 0.5800708265625001 0.49672107656250003 0.5928546531250001 0.498698746875
1 0.2773046015625 0.767008453125 0.27159075781249997 0.7723325796875 0.2666889203125 0.7722007625 0.2587761359375 0.7725998578125 0.2571812296875 0.77487336875 0.26818161875 0.829713896875 0.3285971640625 0.8466209843750001 0.32652314374999997 0.8021602203124999 0.3253888921875 0.7781207234374999 0.3203869734375 0.7610721093749999 0.3030502515625 0.7319203921875 0.3001663578125 0.7168226484375 0.2878663359375 0.726296528125 0.2831866640625 0.7387433578125 0.282288775 0.75251564375 0.28579373750000003 0.7648474937499999 0.2773046015625 0.767008453125